-1,-2,-3,-4,-5,-4,-3,-2,-1,0,0,0,0,0,0,0,0,0,0,-6,0,0,0,0,0,-6,0,-7,0,-7,0,-7,0,-7,0,-7,0,0,0,0,0,0,0,0,0,0,0,0,0,0,0,0,0,0,7,0,7,0,7,0,7,0,7,0,6,0,0,0,0,0,6,0,0,0,0,0,0,0,0,0,0,1,2,3,4,5,4,3,2,1
7,2,6,2
31.900000000001455
0,-1,-3,-4,-5,-4,-3,-2,-1,0,0,0,0,0,0,0,0,0,0,-6,0,0,0,0,-6,0,0,-7,0,-7,0,-7,0,-7,0,-7,0,0,0,0,0,0,0,0,0,7,0,0,0,0,0,0,0,0,0,0,7,0,7,0,7,0,7,0,0,0,0,0,0,0,6,0,0,0,0,0,0,0,0,0,0,1,2,3,4,5,4,3,2,1
1,2,0,2
140.67499999999927
0,-1,-3,-4,-5,-4,-3,-2,-1,0,0,0,0,0,0,0,0,0,-6,0,0,0,0,0,-6,0,0,-7,0,-7,0,-7,0,-7,0,-7,7,0,0,0,0,0,0,0,0,0,0,0,0,0,0,0,0,0,0,0,7,0,7,0,7,0,7,0,0,0,0,0,0,0,6,0,0,0,0,0,0,0,0,0,0,1,2,3,4,5,4,3,2,1
0,2,0,4
186.20000000000073
0,-1,-3,-4,-5,-4,-3,-2,-1,0,0,0,0,0,0,0,0,0,0,0,0,0,0,0,-6,0,0,-7,0,-7,0,-7,0,-7,0,-7,-6,0,0,0,0,0,0,0,0,0,0,0,0,0,0,0,0,0,0,0,7,0,7,0,7,0,7,0,0,2,0,0,0,0,6,0,0,0,0,0,0,0,0,0,0,1,0,3,4,5,4,3,2,1
6,2,6,6
219.42499999999927
0,-1,-3,-4,-5,-4,-3,-2,-1,0,0,0,0,0,0,0,0,0,0,0,0,0,0,0,0,0,0,-7,0,-7,0,-7,0,-7,0,-7,-6,0,0,0,0,0,0,0,0,0,0,7,0,0,0,0,0,0,0,0,0,0,7,0,-6,0,7,0,0,2,0,0,0,0,6,0,0,0,0,0,0,0,0,0,0,1,0,3,4,5,4,3,2,1
0,4,8,4
211.92499999999927
0,-1,-3,-4,-5,-4,-3,-2,-1,0,0,0,0,0,0,0,0,0,0,0,0,0,0,0,0,0,0,-7,0,-7,0,-7,0,-7,0,-7,0,0,0,0,0,0,0,0,-6,0,0,7,0,0,0,0,0,0,0,0,0,0,7,0,-6,0,7,0,0,2,0,0,0,0,6,0,1,0,0,0,0,0,0,0,0,0,0,3,4,5,4,3,2,1
6,6,6,7
247.09999999999854
0,-1,-3,-4,-5,-4,-3,-2,-1,0,0,0,0,0,0,0,0,0,0,0,0,0,0,0,0,0,0,-7,0,-7,0,-7,0,-7,0,-7,0,0,0,0,0,0,0,0,-6,0,0,7,0,0,0,0,0,0,0,0,0,0,7,0,0,0,7,0,0,2,0,0,0,-6,6,2,1,0,0,0,0,0,0,0,0,0,0,3,4,5,4,3,0,1
1,0,1,4
284.09999999999854
0,0,-3,-4,-5,-4,-3,-2,-1,0,0,0,0,0,0,0,0,0,0,0,0,0,0,0,0,0,0,-7,0,-7,0,-7,0,-7,0,-7,0,-1,0,0,0,0,0,6,-6,0,0,7,0,0,0,0,0,0,0,0,0,0,7,0,0,0,7,0,0,2,0,0,0,-6,0,2,1,0,0,0,0,0,0,0,0,0,0,3,4,5,4,3,0,1
8,4,8,7
336.5499999999993
0,0,-3,-4,-5,-4,-3,-2,-1,0,0,0,0,0,0,0,0,0,0,0,0,0,0,0,0,0,0,-7,0,-7,0,-7,0,-7,0,-7,0,-1,0,0,0,0,0,6,0,0,0,7,0,0,0,0,0,7,0,0,0,0,7,0,0,0,0,0,0,2,0,0,0,-6,0,-6,1,0,0,0,0,0,0,0,0,0,0,3,4,5,4,3,0,1
6,7,6,5
136.04999999999927
0,0,-3,-4,-5,-4,-3,-2,-1,0,0,0,0,0,0,0,0,0,0,0,0,0,0,0,0,0,0,-7,0,-7,0,-7,0,-7,0,-7,0,-1,0,0,0,0,0,6,0,0,0,7,0,0,0,-6,0,7,0,0,0,0,7,0,0,0,0,0,0,2,0,0,0,0,0,1,1,0,0,0,0,0,0,0,0,0,0,3,4,5,4,3,0,0
0,3,0,4
198.75
0,0,-3,-4,-5,-4,-3,-2,-1,0,0,0,0,0,0,0,0,0,0,0,0,0,0,0,0,0,0,0,0,-7,0,-7,0,-7,0,-7,-7,-1,0,0,0,0,0,0,0,0,0,7,0,0,0,-6,0,7,0,0,0,0,7,0,0,0,0,0,0,2,0,0,0,0,6,1,1,0,0,0,0,0,0,0,0,0,0,3,4,5,4,3,0,0
6,3,6,4
150.0500000000011
0,0,-3,-4,-5,-4,-3,-2,-1,0,0,0,0,0,0,0,0,0,0,0,0,0,0,0,0,0,0,0,0,-7,0,-7,0,0,0,-7,-7,-1,0,0,0,0,-7,0,0,0,0,7,0,0,0,-6,0,7,0,0,0,0,7,0,0,0,0,0,0,2,0,0,0,0,6,1,0,0,0,0,0,0,1,0,0,0,0,3,4,5,4,3,0,0
4,3,4,4
117.04999999999927
0,0,-3,-4,-5,-4,-3,-2,-1,0,0,0,0,0,0,0,0,0,0,0,0,0,0,0,0,0,0,0,0,-7,0,0,0,0,0,-7,-7,-1,0,0,-7,0,-7,6,0,0,0,7,0,0,0,-6,0,7,0,0,0,0,7,0,0,0,0,0,0,2,0,0,0,0,0,1,0,0,0,0,0,0,1,0,0,0,0,3,4,5,4,3,0,0
7,0,6,2
-175.07500000000073
0,0,-3,-4,-5,-4,-3,0,-1,0,0,0,0,0,0,0,0,0,0,0,0,0,0,0,-2,0,0,0,0,-7,0,0,0,0,0,-7,-7,-1,0,0,-7,0,-7,6,0,0,0,7,0,0,0,1,0,7,0,0,0,0,7,0,0,0,0,0,0,2,0,0,0,0,0,1,0,0,0,0,0,0,0,0,0,0,0,3,4,5,4,3,0,0
6,2,7,4
-246.70000000000073
0,0,-3,-4,-5,-4,-3,0,-1,0,0,0,0,0,0,0,0,0,0,0,0,0,0,0,0,0,0,0,0,-7,0,0,0,0,0,-7,-7,-1,0,0,-7,0,1,-2,0,0,0,7,0,0,0,0,0,7,0,0,0,0,7,0,0,0,0,0,0,2,0,0,0,0,0,1,0,0,0,0,0,0,0,0,0,0,0,3,4,5,4,3,0,0
0,4,0,5
-276.7000000000007
0,0,-3,-4,-5,-4,-3,0,-1,0,0,0,0,0,0,0,0,0,0,0,0,0,0,0,0,0,0,0,0,-7,0,0,0,0,0,-7,0,-1,0,0,-7,0,0,1,0,-7,0,7,0,0,0,0,0,7,0,0,0,0,7,0,0,0,0,0,0,2,0,0,0,0,0,1,0,0,0,0,0,0,0,0,0,0,0,3,4,5,4,3,0,0
0,5,1,5
-312.2999999999993
5.200000000000728
0,0,1,0
-1,-2,-3,-4,-5,-4,-3,-2,-1,0,0,0,0,0,0,0,0,0,0,-6,0,0,0,0,-6,0,0,-7,0,-7,0,-7,0,-7,0,-7,0,0,0,0,0,0,0,0,0,7,0,0,0,0,0,0,0,0,0,0,7,0,7,0,7,0,7,0,6,0,0,0,0,0,6,0,0,0,0,0,0,0,0,0,0,1,2,3,4,5,4,3,2,1
0,0,-3,-4,-5,-4,-3,0,-1,0,0,0,0,0,0,0,0,0,0,0,0,0,0,0,0,0,0,0,0,-7,0,0,0,0,0,-7,0,-1,0,0,-7,0,0,1,0,0,-7,7,0,7,0,0,0,7,0,0,0,0,0,0,0,0,0,0,0,2,0,0,0,0,0,1,0,0,0,0,0,0,0,0,0,0,0,3,4,5,4,3,0,0
1,4,4,4
-328
0,0,-3,-4,-5,-4,-3,0,-1,0,0,0,0,0,0,0,0,0,0,0,0,0,0,0,0,0,0,0,0,-7,0,0,0,0,0,-7,0,0,0,0,-1,0,0,0,0,0,-7,7,0,7,0,0,0,7,0,0,0,0,0,0,0,0,0,0,0,2,0,0,0,0,0,1,0,0,0,0,0,0,0,0,0,0,0,3,4,5,4,3,0,0
1,5,2,5
-358
0,0,-3,-4,-5,-4,-3,0,-1,0,0,0,0,0,0,0,0,0,0,0,0,0,0,0,0,0,0,0,0,-7,0,0,0,0,0,-7,0,0,0,0,7,0,0,0,0,0,0,-7,0,0,0,0,0,7,0,0,0,0,0,0,0,0,0,0,0,2,0,0,0,0,0,1,0,0,0,0,0,0,0,0,0,0,0,3,4,5,4,3,0,0
2,5,2,6
-343
0,0,-3,-4,-5,-4,-3,0,-1,0,0,0,0,0,0,0,0,0,0,0,0,0,0,0,0,0,0,0,0,-7,0,0,0,0,0,-7,0,0,0,0,7,0,0,0,0,0,0,0,0,0,0,0,0,7,0,0,-7,0,2,0,0,0,0,0,0,0,0,0,0,0,0,1,0,0,0,0,0,0,0,0,0,0,0,3,4,5,4,3,0,0
2,6,3,6
-294.125
0,0,-3,-4,-5,-4,-3,0,-1,0,0,0,0,0,0,0,0,0,0,0,0,0,0,0,0,0,0,0,0,-7,0,0,0,0,0,-7,0,0,0,0,7,0,0,0,0,0,0,0,0,0,0,0,0,7,0,0,0,-7,0,0,0,0,0,0,0,0,0,0,0,0,0,1,0,0,0,2,0,0,0,0,0,0,0,3,4,5,4,3,0,0
2,3,2,4
-357.39999999999964
0,0,-3,-4,-5,-4,-3,0,-1,0,0,0,0,0,0,0,0,0,0,0,0,0,0,0,0,0,0,0,0,0,0,0,0,0,0,-7,0,0,-7,0,7,0,0,0,0,0,0,0,0,0,0,0,0,7,0,0,0,-7,0,0,0,0,0,0,0,1,0,0,0,0,0,0,0,0,0,2,0,0,0,0,0,0,0,3,4,5,4,3,0,0
3,6,4,6
-361.5
0,0,-3,-4,-5,-4,-3,0,-1,0,0,0,0,0,0,0,0,0,0,0,0,0,0,0,0,0,0,0,0,0,0,0,0,0,0,-7,0,0,-7,0,7,0,0,0,0,0,0,0,0,0,0,0,0,7,0,0,0,0,-7,0,0,0,0,0,0,1,0,0,2,0,0,0,0,0,0,0,0,0,0,0,0,0,0,3,4,5,4,3,0,0
4,6,5,6
-357.39999999999964
0,0,-3,-4,-5,-4,-3,0,-1,0,0,0,0,0,0,0,0,0,0,0,0,0,0,0,0,0,0,0,0,0,0,0,0,0,0,-7,0,0,-7,0,7,0,0,0,0,0,0,0,0,0,0,0,0,7,0,0,0,0,0,-7,0,0,0,0,0,1,0,0,0,0,0,0,0,0,0,2,0,0,0,0,0,0,0,3,4,5,4,3,0,0
2,0,4,2
-452.2000000000007
0,0,0,-4,-5,-4,-3,0,-1,0,0,0,0,0,0,0,0,0,0,0,0,0,-3,0,0,0,0,0,0,0,0,0,0,0,0,-7,0,0,1,0,7,0,0,0,0,0,0,0,0,0,0,0,0,7,0,0,0,0,0,-7,0,0,0,0,0,0,0,0,0,0,0,0,0,0,0,2,0,0,0,0,0,0,0,3,4,5,4,3,0,0
8,3,8,4
-644.75
0,0,0,-4,-5,-4,-3,0,-1,0,0,0,0,0,0,0,0,0,0,0,0,0,-3,0,0,0,0,0,0,0,0,0,0,0,0,0,0,0,0,0,7,0,0,0,-7,0,0,0,0,0,0,0,0,7,0,0,1,0,0,-7,0,0,0,0,0,0,0,0,0,0,0,0,0,0,0,2,0,0,0,0,0,0,0,3,4,5,4,3,0,0
8,4,8,5
-583.75
0,0,0,-4,-5,-4,-3,0,-1,0,0,0,0,0,0,0,0,0,0,0,0,0,-3,0,0,0,0,0,0,0,0,0,0,0,0,0,0,0,0,0,7,0,0,0,0,0,0,0,0,0,0,0,0,-7,0,0,0,0,0,1,0,0,0,0,0,0,0,0,0,0,0,0,0,0,0,2,0,0,0,0,0,0,0,3,4,5,4,3,0,0
8,0,8,3
-521.25
0,0,0,-4,-5,-4,-3,0,0,0,0,0,0,0,0,0,0,0,0,0,0,0,-3,0,0,0,0,0,0,0,0,0,0,0,0,-1,0,0,0,0,7,0,0,0,0,0,0,0,0,0,0,0,0,-7,0,0,0,0,2,1,0,0,0,0,0,0,0,0,0,0,0,0,0,0,0,0,0,0,0,0,0,0,0,3,4,5,4,3,0,0
8,3,6,3
-471.5
0,0,0,-4,-5,-4,-3,0,0,0,0,0,0,0,1,0,0,0,0,0,0,0,-3,0,0,0,0,0,0,0,0,0,0,-1,0,0,0,0,0,0,7,0,0,0,0,0,0,0,0,0,0,0,0,-7,0,0,0,0,2,0,0,0,0,0,0,0,0,0,0,0,0,0,0,0,0,0,0,0,0,0,0,0,0,3,4,5,4,3,0,0
6,3,2,3
-470.75
0,0,0,-4,-5,-4,-3,0,0,0,0,0,0,0,1,0,0,0,0,0,0,0,-3,0,0,0,0,0,0,-1,0,0,0,0,0,0,0,0,0,0,7,0,0,0,0,0,0,0,0,0,0,0,0,-7,0,0,0,0,2,0,0,0,0,0,0,0,0,3,0,0,0,0,0,0,0,0,0,0,0,0,0,0,0,3,4,5,4,0,0,0
2,3,2,6
-396.5499999999993
0,0,0,-4,-5,-4,-3,0,0,0,0,0,0,0,0,1,0,0,0,0,0,0,-3,0,0,0,0,0,0,0,0,0,0,0,0,0,0,0,0,0,7,0,0,0,0,0,0,0,0,0,0,0,0,-7,0,0,-1,0,2,0,0,0,0,0,0,0,0,3,0,0,0,0,0,0,0,0,0,0,0,0,0,0,0,3,4,5,4,0,0,0
8,5,7,5
-321
0,0,0,-4,-5,-4,-3,0,0,0,0,0,0,0,0,1,0,0,0,0,0,0,-3,0,0,0,0,0,0,0,0,0,0,0,0,0,0,0,0,0,7,0,0,0,0,0,0,2,0,0,0,0,-7,0,0,0,-1,0,0,0,0,0,0,0,0,0,0,3,0,0,0,0,0,0,0,0,0,0,0,0,0,0,0,3,4,5,4,0,0,0
3,0,4,1
-526.7999999999993
0,0,0,0,-5,-4,-3,0,0,0,0,0,0,-4,0,1,0,0,0,0,0,0,-3,0,0,0,0,0,0,0,2,0,0,0,0,0,0,0,0,0,7,0,0,0,0,0,0,0,0,0,0,0,-7,0,0,0,-1,0,0,0,0,0,0,0,0,0,0,3,0,0,0,0,0,0,0,0,0,0,0,0,0,0,0,3,4,5,4,0,0,0
2,6,2,4
-423.25
0,0,0,0,-5,-4,-3,0,0,0,0,0,0,-4,0,1,0,0,0,0,0,0,-3,0,0,0,0,0,0,0,0,0,0,0,0,0,0,0,-1,0,7,2,0,0,0,0,0,0,0,0,0,0,-7,0,0,0,0,0,0,0,0,0,0,0,0,0,0,3,0,0,0,0,0,0,0,0,0,0,0,0,0,0,0,3,4,5,4,0,0,0
4,2,6,4
-354.625
0,0,0,0,-5,-4,-3,0,0,0,0,0,0,-4,1,0,0,0,0,0,0,0,0,0,0,0,0,0,0,0,0,0,0,0,0,0,0,0,-1,0,7,2,-3,0,0,0,0,0,0,0,0,0,-7,0,0,0,0,0,0,0,0,0,0,0,0,0,0,3,0,0,0,0,0,0,0,0,0,0,0,0,0,0,0,3,4,5,4,0,0,0
-417.625
4,1,3,0
0,0,0,-4,-5,-4,-3,0,0,0,0,0,0,0,1,0,0,0,0,0,0,0,0,0,0,0,0,0,0,0,0,7,0,0,0,0,0,0,-1,0,0,2,-3,0,0,0,0,0,0,0,0,0,-7,0,0,0,0,0,0,0,0,0,0,0,0,0,0,3,0,0,0,0,0,0,0,0,0,0,0,0,0,0,0,3,4,5,4,0,0,0
5,0,4,1
-524.375
0,0,0,-4,-5,0,-3,0,0,0,0,0,0,-4,1,0,0,0,0,0,0,0,0,0,0,0,0,0,0,0,2,7,0,0,0,0,0,0,-1,0,0,0,-3,0,0,0,0,0,0,0,0,0,-7,0,0,0,0,0,0,0,0,0,0,0,0,0,0,3,0,0,0,0,0,0,0,0,0,0,0,0,0,0,0,3,4,5,4,0,0,0
2,4,2,7
-503.25
0,0,0,-4,-5,0,-3,0,0,0,0,0,0,-4,0,0,1,0,0,0,0,0,0,0,0,0,0,0,0,0,2,7,0,0,0,0,0,0,0,0,0,0,-3,0,0,0,0,0,0,0,0,0,-7,0,0,0,0,0,0,0,0,0,0,0,0,-1,0,3,0,0,0,0,0,0,0,0,0,0,0,0,0,0,0,3,4,5,4,0,0,0
4,1,3,2
-569.375
0,0,0,-4,-5,0,-3,0,0,0,0,0,0,0,0,0,0,0,0,0,0,-4,0,0,0,0,0,0,0,0,2,7,0,0,0,0,0,0,0,0,0,0,-3,0,0,0,0,0,0,0,0,0,1,0,0,0,0,0,0,0,0,0,0,0,0,-1,0,3,0,0,0,0,0,0,0,0,0,0,0,0,0,0,0,3,4,5,4,0,0,0
6,4,8,2
-597
0,0,0,-4,-5,0,-3,0,0,0,0,0,0,0,0,0,0,0,0,0,0,-4,0,0,0,0,-3,0,0,0,0,7,0,0,0,0,0,0,0,0,0,0,0,0,0,0,0,0,0,2,0,0,1,0,0,0,0,0,0,0,0,0,0,0,0,-1,0,3,0,0,0,0,0,0,0,0,0,0,0,0,0,0,0,3,4,5,4,0,0,0
3,2,4,1
-631.75
0,0,0,-4,-5,0,-3,0,0,0,0,0,0,-4,0,0,0,0,0,0,0,0,0,0,0,1,-3,0,0,0,0,7,0,0,0,0,0,0,0,0,0,0,0,0,0,0,0,0,0,2,0,0,0,0,0,0,0,0,0,0,0,0,0,0,0,-1,0,3,0,0,0,0,0,0,0,0,0,0,0,0,0,0,0,3,4,5,4,0,0,0
4,0,5,0
-648
0,0,0,-4,0,-5,-3,0,0,0,0,0,0,-4,0,0,0,0,0,0,0,0,0,0,1,0,-3,0,0,0,0,7,0,0,0,0,0,0,0,0,0,0,0,0,0,0,0,0,0,2,0,0,0,0,0,0,0,0,0,0,0,0,0,0,0,-1,0,3,0,0,0,0,0,0,0,0,0,0,0,0,0,0,0,3,4,5,4,0,0,0
5,0,5,1
-632.75
0,0,0,-4,0,0,-3,0,0,0,0,0,0,-4,-5,0,0,0,0,0,0,0,0,0,1,0,-3,0,0,0,0,7,0,0,0,0,0,0,0,0,0,0,0,0,0,0,0,0,0,2,0,0,0,0,0,0,0,0,0,0,0,0,0,0,0,-1,0,3,0,0,0,0,0,0,0,0,4,0,0,0,0,0,0,3,4,5,0,0,0,0
4,1,5,0
-632.75
0,0,0,-4,0,-4,-3,0,0,0,0,0,0,0,-5,0,0,0,0,0,0,0,0,0,1,0,-3,0,0,0,0,7,0,0,0,0,0,0,0,0,0,0,0,0,0,0,0,0,0,2,0,0,0,0,0,0,0,0,0,0,0,0,0,0,0,-1,0,3,0,0,0,0,0,0,0,0,4,0,0,0,0,0,0,3,4,0,5,0,0,0
2,7,2,8
-18888
