-1,-2,-3,-4,-5,-4,-3,-2,-1,0,0,0,0,0,0,0,0,0,0,-6,0,0,0,0,0,-6,0,-7,0,-7,0,-7,0,-7,0,-7,0,0,0,0,0,0,0,0,0,0,0,0,0,0,0,0,0,0,7,0,7,0,7,0,7,0,7,0,6,0,0,0,0,0,6,0,0,0,0,0,0,0,0,0,0,1,2,3,4,5,4,3,2,1,|,1,2,2,2,|,4.875,|,-1,-2,-3,-4,-5,-4,-3,-2,-1,0,0,0,0,0,0,0,0,0,0,0,-6,0,0,0,0,-6,0,-7,0,-7,0,-7,0,-7,0,-7,0,0,0,0,0,0,0,0,0,7,0,0,0,0,0,0,0,0,0,0,7,0,7,0,7,0,7,0,6,0,0,0,0,0,6,0,0,0,0,0,0,0,0,0,0,1,2,3,4,5,4,3,2,1
-1,-2,-3,-4,-5,-4,-3,-2,-1,0,0,0,0,0,0,0,0,0,0,0,-6,0,0,0,0,-6,0,-7,0,-7,0,-7,0,-7,0,-7,0,0,0,0,0,0,0,0,0,7,0,0,0,0,0,0,0,0,0,0,7,0,7,0,7,0,7,0,6,0,0,0,0,0,6,0,0,0,0,0,0,0,0,0,0,1,2,3,4,5,4,3,2,1,|,2,2,0,2,|,-80.5,|,-1,-2,-3,-4,-5,-4,-3,-2,-1,0,0,0,0,0,0,0,0,0,-6,0,0,0,0,0,0,-6,0,-7,0,-7,0,-7,0,-7,0,-7,0,0,0,0,0,0,0,0,0,7,0,0,0,7,0,0,0,0,0,0,7,0,0,0,7,0,7,0,6,0,0,0,0,0,6,0,0,0,0,0,0,0,0,0,0,1,2,3,4,5,4,3,2,1
-1,-2,-3,-4,-5,-4,-3,-2,-1,0,0,0,0,0,0,0,0,0,-6,0,0,0,0,0,0,-6,0,-7,0,-7,0,-7,0,-7,0,-7,0,0,0,0,0,0,0,0,0,7,0,0,0,7,0,0,0,0,0,0,7,0,0,0,7,0,7,0,6,0,0,0,0,0,6,0,0,0,0,0,0,0,0,0,0,1,2,3,4,5,4,3,2,1,|,0,0,0,1,|,7.25,|,0,-2,-3,-4,-5,-4,-3,-2,-1,-1,0,0,0,0,0,0,0,0,-6,0,0,0,0,0,0,-6,0,-7,0,-7,0,-7,0,-7,0,-7,0,0,0,0,0,0,0,0,0,7,0,0,0,7,0,7,0,0,0,0,7,0,0,0,0,0,7,0,6,0,0,0,0,0,6,0,0,0,0,0,0,0,0,0,0,1,2,3,4,5,4,3,2,1
0,-2,-3,-4,-5,-4,-3,-2,-1,-1,0,0,0,0,0,0,0,0,-6,0,0,0,0,0,0,-6,0,-7,0,-7,0,-7,0,-7,0,-7,0,0,0,0,0,0,0,0,0,7,0,0,0,7,0,7,0,0,0,0,7,0,0,0,0,0,7,0,6,0,0,0,0,0,6,0,0,0,0,0,0,0,0,0,0,1,2,3,4,5,4,3,2,1,|,0,1,1,1,|,-88.42499999999927,|,0,-2,-3,-4,-5,-4,-3,-2,-1,0,-1,0,0,0,0,0,0,0,-6,0,0,0,0,0,0,-6,0,-7,0,-7,0,-7,0,-7,0,-7,0,0,0,0,0,0,0,0,0,7,0,0,0,7,0,7,0,0,0,0,7,0,0,0,0,0,7,0,6,0,0,0,0,2,6,0,0,0,0,0,0,0,0,0,0,1,2,3,4,5,4,3,0,1
0,-2,-3,-4,-5,0,-3,0,-1,0,-1,0,0,-4,0,0,0,0,-6,0,0,0,0,-6,0,0,-2,-7,0,-7,0,-7,0,-7,0,-7,0,0,0,0,0,0,0,0,0,7,0,7,0,7,0,7,0,7,0,0,0,0,0,0,0,0,0,0,6,0,0,0,0,2,0,6,0,0,0,0,0,0,0,0,0,1,2,3,4,5,4,3,0,1,|,8,2,6,1,|,-28.450000000000728,|,0,-2,-3,-4,-5,0,-3,0,-1,0,-1,0,0,-4,0,-2,0,0,-6,0,0,0,0,-6,0,0,0,-7,0,-7,0,-7,0,-7,0,-7,0,0,0,0,0,0,0,0,0,7,0,7,0,7,0,7,0,7,0,0,0,0,0,0,0,0,0,0,0,0,0,6,0,2,0,6,0,0,0,0,0,0,0,0,0,1,2,3,4,5,4,3,0,1
0,-2,-3,-4,-5,-4,-3,-2,-1,0,-1,0,0,0,0,0,0,0,-6,0,0,0,0,0,0,-6,0,-7,0,-7,0,-7,0,-7,0,-7,0,0,0,0,0,0,0,0,0,7,0,0,0,7,0,7,0,0,0,0,7,0,0,0,0,0,7,0,6,0,0,0,0,2,6,0,0,0,0,0,0,0,0,0,0,1,2,3,4,5,4,3,0,1,|,7,0,8,2,|,-11.375,|,0,-2,-3,-4,-5,-4,-3,0,-1,0,-1,0,0,0,0,0,0,0,-6,0,0,0,0,0,0,-6,-2,-7,0,-7,0,-7,0,-7,0,-7,0,0,0,0,0,0,0,0,0,7,0,0,0,7,0,7,0,7,0,0,7,0,0,0,0,0,0,0,6,0,0,0,0,2,6,0,0,0,0,0,0,0,0,0,0,1,2,3,4,5,4,3,0,1
0,-2,-3,-4,-5,-4,-3,0,-1,0,-1,0,0,0,0,0,0,0,-6,0,0,0,0,0,0,-6,-2,-7,0,-7,0,-7,0,-7,0,-7,0,0,0,0,0,0,0,0,0,7,0,0,0,7,0,7,0,7,0,0,7,0,0,0,0,0,0,0,6,0,0,0,0,2,6,0,0,0,0,0,0,0,0,0,0,1,2,3,4,5,4,3,0,1,|,5,0,4,1,|,-157.375,|,0,-2,-3,-4,-5,0,-3,0,-1,0,-1,0,0,-4,0,0,0,0,-6,0,0,0,0,0,0,-6,-2,-7,0,-7,0,-7,0,-7,0,-7,0,0,0,0,0,0,0,0,0,7,0,0,0,7,0,7,0,7,0,0,7,0,0,0,0,0,0,0,6,0,0,0,0,2,0,6,0,0,0,0,0,0,0,0,0,1,2,3,4,5,4,3,0,1
0,-2,-3,-4,-5,0,-3,0,-1,0,0,0,0,-4,0,-2,0,0,-6,0,0,0,0,-6,0,0,0,-7,0,-7,0,-7,0,-7,0,-7,0,-1,0,0,0,0,0,0,7,7,0,7,0,7,0,7,0,0,0,0,0,0,0,0,0,0,0,0,0,0,0,6,0,2,0,6,0,0,0,0,0,0,0,0,0,1,2,3,4,5,4,3,0,1,|,1,4,8,4,|,39.975000000000364,|,0,-2,-3,-4,-5,0,-3,0,-1,0,0,0,0,-4,0,-2,0,0,-6,0,0,0,0,-6,0,0,0,-7,0,-7,0,-7,0,-7,0,-7,0,0,0,0,0,0,0,0,-1,7,0,7,0,7,0,7,0,0,0,0,0,0,0,0,0,0,0,0,0,0,0,6,0,0,0,6,0,0,0,0,0,0,0,0,0,1,2,3,4,5,4,3,2,1
0,-2,-3,-4,-5,0,-3,0,-1,0,-1,0,0,-4,0,-2,0,0,-6,0,0,0,0,-6,0,0,0,-7,0,-7,0,-7,0,-7,0,-7,0,0,0,0,0,0,0,0,0,7,0,7,0,7,0,7,0,7,0,0,0,0,0,0,0,0,0,0,0,0,0,6,0,2,0,6,0,0,0,0,0,0,0,0,0,1,2,3,4,5,4,3,0,1,|,1,1,1,4,|,-153.82500000000073,|,0,-2,-3,-4,-5,0,-3,0,-1,0,0,0,0,-4,0,-2,0,0,-6,0,0,0,0,-6,0,0,0,-7,0,-7,0,-7,0,-7,0,-7,0,-1,0,0,0,0,0,0,7,7,0,7,0,7,0,7,0,0,0,0,0,0,0,0,0,0,0,0,0,0,0,6,0,2,0,6,0,0,0,0,0,0,0,0,0,1,2,3,4,5,4,3,0,1
0,0,-3,-4,-5,0,0,0,-1,0,0,0,0,-4,0,-2,0,0,-6,0,-2,0,-3,-6,0,0,0,-7,0,-7,0,-7,6,-7,0,-7,0,0,0,0,0,0,0,0,-1,7,0,7,0,7,0,7,0,0,0,0,0,0,0,0,0,0,0,0,0,0,0,6,0,0,0,0,0,0,0,0,0,0,0,0,0,1,2,3,4,5,4,3,2,1,|,8,4,8,9,|,533.2999999999975,|,0,0,-3,-4,-5,0,0,0,-1,0,0,0,0,-4,0,-2,0,0,-6,0,-2,0,-3,-6,0,0,0,-7,0,-7,0,-7,6,-7,0,-7,7,0,0,0,0,0,0,0,0,0,0,7,0,7,0,7,0,0,0,0,0,0,0,0,0,0,0,0,0,0,0,6,0,0,0,0,0,0,0,0,0,0,0,0,0,1,2,3,4,5,4,3,2,-1
0,0,-3,-4,-5,0,0,0,-1,0,0,0,0,-4,0,-2,0,0,-6,0,-2,0,-3,-6,0,0,0,-7,0,-7,0,-7,6,-7,0,-7,7,0,0,0,0,0,0,0,0,0,0,7,0,7,0,7,0,0,0,0,0,0,0,0,0,0,0,0,0,0,0,6,0,0,0,0,0,0,0,0,0,0,0,0,0,1,2,3,4,5,4,3,2,-1,|,6,1,8,2,|,356.8999999999978,|,0,0,-3,-4,-5,0,0,0,-1,0,0,0,0,-4,0,0,0,0,-6,0,-2,0,-3,-6,0,0,-2,-7,0,6,0,-7,0,-7,0,-7,7,0,0,0,0,0,0,0,0,0,0,7,0,7,0,7,0,0,0,0,0,0,0,0,0,0,0,0,0,0,0,6,0,0,0,0,0,0,0,0,0,0,0,0,0,1,2,3,4,5,4,3,2,-1
0,0,-3,-4,-5,0,-3,0,-1,0,0,0,0,-4,0,-2,0,0,-6,0,-2,0,0,-6,0,0,0,-7,0,-7,0,-7,0,-7,0,-7,0,0,0,0,0,0,0,0,-1,7,0,7,0,7,0,7,0,0,0,0,0,0,0,0,0,0,0,0,0,0,0,6,6,0,0,0,0,0,0,0,0,0,0,0,0,1,2,3,4,5,4,3,2,1,|,6,0,4,2,|,76.29999999999927,|,0,0,-3,-4,-5,0,0,0,-1,0,0,0,0,-4,0,-2,0,0,-6,0,-2,0,-3,-6,0,0,0,-7,0,-7,0,-7,6,-7,0,-7,0,0,0,0,0,0,0,0,-1,7,0,7,0,7,0,7,0,0,0,0,0,0,0,0,0,0,0,0,0,0,0,6,0,0,0,0,0,0,0,0,0,0,0,0,0,1,2,3,4,5,4,3,2,1
0,0,-3,-4,-5,0,0,0,-1,0,0,0,0,-4,0,0,0,0,-6,0,-2,0,-3,0,0,0,-2,-7,0,6,0,-7,0,-7,0,-7,7,0,0,0,0,-6,0,0,0,0,0,7,0,7,0,7,0,0,0,0,0,0,0,0,0,0,0,0,0,0,0,6,0,2,0,0,0,0,0,0,0,0,0,0,0,1,2,3,4,5,4,3,0,-1,|,8,0,6,0,|,-48.525000000001455,|,0,0,-3,-4,-5,0,-1,0,0,0,0,0,0,-4,0,0,0,0,-6,0,-2,0,-3,0,0,0,-2,-7,0,6,0,-7,0,-7,0,-7,7,0,0,0,7,-6,0,0,0,0,0,7,0,0,0,7,0,0,0,0,0,0,0,0,0,0,0,0,0,0,0,6,0,2,0,0,0,0,0,0,0,0,0,0,0,1,2,3,4,5,4,3,0,-1
0,0,-3,-4,-5,0,-1,0,0,0,0,0,0,-4,0,0,0,0,-6,0,-2,0,-3,0,0,0,-2,-7,0,6,0,-7,0,-7,0,-7,7,0,0,0,7,-6,0,0,0,0,0,7,0,0,0,7,0,0,0,0,0,0,0,0,0,0,0,0,0,0,0,6,0,2,0,0,0,0,0,0,0,0,0,0,0,1,2,3,4,5,4,3,0,-1,|,4,2,2,0,|,154.29999999999927,|,0,0,-3,-4,-5,0,-1,0,0,0,0,0,0,-4,0,0,0,0,-6,0,-2,0,0,0,0,0,-2,-7,0,0,0,-7,0,-7,0,-7,7,0,0,0,7,-6,0,0,0,0,0,7,0,0,0,7,0,0,0,0,0,0,0,0,0,0,0,0,0,0,0,6,0,2,0,0,0,0,0,0,0,0,0,0,0,1,2,3,4,5,4,3,0,-1
0,0,-3,-4,-5,0,0,0,-1,0,0,0,0,-4,0,0,0,0,-6,0,-2,0,-3,-6,0,0,-2,-7,0,6,0,-7,0,-7,0,-7,7,0,0,0,0,0,0,0,0,0,0,7,0,7,0,7,0,0,0,0,0,0,0,0,0,0,0,0,0,0,0,6,0,0,0,0,0,0,0,0,0,0,0,0,0,1,2,3,4,5,4,3,2,-1,|,5,2,5,4,|,238.89999999999782,|,0,0,-3,-4,-5,0,0,0,-1,0,0,0,0,-4,0,0,0,0,-6,0,-2,0,-3,0,0,0,-2,-7,0,6,0,-7,0,-7,0,-7,7,0,0,0,0,-6,0,0,0,0,0,7,0,7,0,7,0,0,0,0,0,0,0,0,0,0,0,0,0,0,0,6,0,2,0,0,0,0,0,0,0,0,0,0,0,1,2,3,4,5,4,3,0,-1
0,0,-3,-4,-5,0,0,0,0,0,0,0,0,-4,0,-1,0,0,0,0,-2,0,0,0,0,0,-2,-7,0,0,0,7,0,-7,0,-7,-6,0,0,0,0,-6,0,0,0,0,0,7,0,0,0,7,0,0,0,0,0,0,0,0,0,0,0,0,0,0,0,6,0,0,0,0,0,0,0,0,0,0,0,0,2,1,2,3,4,5,4,3,0,-1,|,2,2,4,3,|,932.5,|,0,0,-3,-4,-5,0,0,0,0,0,0,0,0,-4,0,-1,0,0,0,0,0,0,0,0,0,0,-2,-7,0,0,0,-2,0,-7,0,-7,-6,0,0,0,6,-6,0,0,0,0,0,7,0,0,0,7,0,0,0,0,0,0,0,0,0,0,0,0,0,0,0,0,0,0,0,0,0,0,0,0,0,0,0,0,2,1,2,3,4,5,4,3,0,-1
0,-2,-3,-4,-5,0,-3,0,-1,0,-1,0,0,-4,0,0,0,0,-6,0,0,0,0,0,0,-6,-2,-7,0,-7,0,-7,0,-7,0,-7,0,0,0,0,0,0,0,0,0,7,0,0,0,7,0,7,0,7,0,0,7,0,0,0,0,0,0,0,6,0,0,0,0,2,0,6,0,0,0,0,0,0,0,0,0,1,2,3,4,5,4,3,0,1,|,7,2,5,2,|,-14.375,|,0,-2,-3,-4,-5,0,-3,0,-1,0,-1,0,0,-4,0,0,0,0,-6,0,0,0,0,-6,0,0,-2,-7,0,-7,0,-7,0,-7,0,-7,0,0,0,0,0,0,0,0,0,7,0,7,0,7,0,7,0,7,0,0,0,0,0,0,0,0,0,0,6,0,0,0,0,2,0,6,0,0,0,0,0,0,0,0,0,1,2,3,4,5,4,3,0,1
0,0,-3,-4,-5,0,0,0,0,0,0,0,0,-4,0,-1,0,0,-6,0,-2,0,0,0,0,0,-2,-7,0,0,0,7,0,-7,0,-7,7,0,0,0,0,-6,0,0,0,0,0,7,0,0,0,7,0,0,0,0,0,0,0,0,0,0,0,0,0,0,0,6,0,2,0,0,0,0,0,0,0,0,0,0,0,1,2,3,4,5,4,3,0,-1,|,0,2,0,4,|,668.9249999999993,|,0,0,-3,-4,-5,0,0,0,0,0,0,0,0,-4,0,-1,0,0,0,0,-2,0,0,0,0,0,-2,-7,0,0,0,7,0,-7,0,-7,-6,0,0,0,0,-6,0,0,0,0,0,7,0,0,0,7,0,0,0,0,0,0,0,0,0,0,0,0,0,0,0,6,0,0,0,0,0,0,0,0,0,0,0,0,2,1,2,3,4,5,4,3,0,-1
0,0,-3,-4,-5,0,-1,0,0,0,0,0,0,-4,0,0,0,0,-6,0,-2,0,0,0,0,0,-2,-7,0,0,0,-7,0,-7,0,-7,7,0,0,0,7,-6,0,0,0,0,0,7,0,0,0,7,0,0,0,0,0,0,0,0,0,0,0,0,0,0,0,6,0,2,0,0,0,0,0,0,0,0,0,0,0,1,2,3,4,5,4,3,0,-1,|,6,0,6,1,|,349.7499999999982,|,0,0,-3,-4,-5,0,0,0,0,0,0,0,0,-4,0,-1,0,0,-6,0,-2,0,0,0,0,0,-2,-7,0,0,0,7,0,-7,0,-7,7,0,0,0,0,-6,0,0,0,0,0,7,0,0,0,7,0,0,0,0,0,0,0,0,0,0,0,0,0,0,0,6,0,2,0,0,0,0,0,0,0,0,0,0,0,1,2,3,4,5,4,3,0,-1
0,-2,-3,-4,-5,0,-3,0,-1,0,0,0,0,-4,0,-2,0,0,-6,0,0,0,0,-6,0,0,0,-7,0,-7,0,-7,0,-7,0,-7,0,0,0,0,0,0,0,0,-1,7,0,7,0,7,0,7,0,0,0,0,0,0,0,0,0,0,0,0,0,0,0,6,0,0,0,6,0,0,0,0,0,0,0,0,0,1,2,3,4,5,4,3,2,1,|,1,0,2,2,|,154.25,|,0,0,-3,-4,-5,0,-3,0,-1,0,0,0,0,-4,0,-2,0,0,-6,0,-2,0,0,-6,0,0,0,-7,0,-7,0,-7,0,-7,0,-7,0,0,0,0,0,0,0,0,-1,7,0,7,0,7,0,7,0,0,0,0,0,0,0,0,0,0,0,0,0,0,0,6,6,0,0,0,0,0,0,0,0,0,0,0,0,1,2,3,4,5,4,3,2,1
0,0,-3,-4,-5,0,0,0,0,0,0,0,0,-4,0,-1,0,0,0,0,0,0,0,0,0,0,-2,-7,0,0,0,-2,0,-7,0,-7,-6,0,0,0,6,-6,0,0,0,0,0,7,0,0,0,7,0,0,0,0,0,0,0,0,0,0,0,0,0,0,0,0,0,0,0,0,0,0,0,0,0,0,0,0,2,1,2,3,4,5,4,3,0,-1,|,8,3,8,4,|,729,|,0,0,-3,-4,-5,0,0,0,0,0,0,0,0,-4,0,-1,0,0,0,0,0,0,0,0,0,0,-2,-7,0,0,0,-2,0,-7,0,0,-6,0,0,0,6,-6,7,0,-7,0,0,7,0,0,0,0,0,0,0,0,0,0,0,0,0,0,0,0,0,0,0,0,0,0,0,0,0,0,0,0,0,0,0,0,2,1,2,3,4,5,4,3,0,-1

-1,-2,-3,-4,-5,-4,-3,-2,-1,0,0,0,0,0,0,0,0,0,0,-6,0,0,0,0,0,-6,0,-7,0,-7,0,-7,0,-7,0,-7,0,0,0,0,0,0,0,0,0,0,0,0,0,0,0,0,0,0,7,0,7,0,7,0,7,0,7,0,6,0,0,0,0,0,6,0,0,0,0,0,0,0,0,0,0,1,2,3,4,5,4,3,2,1,|,1,2,1,4,|,-3.8250000000007276,|,-1,-2,-3,-4,-5,-4,-3,-2,-1,0,0,0,0,0,0,0,0,0,0,0,0,0,0,0,0,-6,0,-7,0,-7,0,-7,0,-7,0,-7,0,-6,0,0,0,0,0,0,0,0,0,0,0,0,0,0,0,0,7,0,7,0,7,0,7,0,7,0,6,0,0,0,0,0,6,0,0,0,0,0,0,0,0,0,0,1,2,3,4,5,4,3,2,1
-1,0,-3,-4,-5,-4,-3,-2,-1,0,0,-2,0,0,0,0,0,0,0,0,0,0,0,0,-6,0,0,-7,0,-7,0,-7,0,-7,0,-7,0,-6,0,0,0,0,0,0,0,0,0,0,0,0,0,0,0,0,7,0,7,0,7,0,7,0,7,0,6,0,0,0,0,0,0,0,0,0,0,0,0,0,0,6,0,1,2,3,4,5,4,3,2,1,|,6,2,6,6,|,109.375,|,-1,0,-3,-4,-5,-4,-3,-2,-1,0,0,-2,0,0,0,0,0,0,0,0,0,0,0,0,0,0,0,-7,0,-7,0,-7,0,-7,0,-7,0,-6,0,0,0,0,0,0,0,0,0,0,0,0,0,0,0,0,7,0,7,0,7,0,-6,0,7,0,0,6,0,0,0,0,0,0,0,0,0,0,0,0,0,6,0,1,2,3,4,5,4,3,2,1
-1,-2,-3,-4,-5,-4,-3,-2,-1,0,0,0,0,0,0,0,0,0,0,0,0,0,0,0,0,-6,0,-7,0,-7,0,-7,0,-7,0,-7,0,-6,0,0,0,0,0,0,0,0,0,0,0,0,0,0,0,0,7,0,7,0,7,0,7,0,7,0,6,0,0,0,0,0,6,0,0,0,0,0,0,0,0,0,0,1,2,3,4,5,4,3,2,1,|,7,2,6,2,|,72.57500000000073,|,-1,-2,-3,-4,-5,-4,-3,-2,-1,0,0,0,0,0,0,0,0,0,0,0,0,0,0,0,-6,0,0,-7,0,-7,0,-7,0,-7,0,-7,0,-6,0,0,0,0,0,0,0,0,0,0,0,0,0,0,0,0,7,0,7,0,7,0,7,0,7,0,6,0,0,0,0,0,0,0,0,0,0,0,0,0,0,6,0,1,2,3,4,5,4,3,2,1
-1,0,-3,-4,-5,-4,-3,-2,-1,0,0,-2,0,0,0,0,0,0,0,0,0,0,0,0,0,0,0,-7,0,-7,0,-7,0,-7,0,-7,0,-6,0,0,0,0,0,0,0,0,0,0,0,0,0,0,0,0,7,0,7,0,7,0,-6,0,7,0,0,6,0,0,0,0,0,0,0,0,0,0,0,0,0,6,0,1,2,3,4,5,4,3,2,1,|,2,1,3,3,|,198.70000000000073,|,-1,0,-3,-4,-5,-4,-3,-2,-1,0,0,0,0,0,0,0,0,0,0,0,0,0,0,0,0,0,0,-7,0,-7,-2,-7,0,-7,0,-7,0,-6,0,0,0,0,0,0,0,0,0,0,0,7,0,0,0,0,7,0,7,0,0,0,-6,0,7,0,0,6,0,0,0,0,0,0,0,0,0,0,0,0,0,6,0,1,2,3,4,5,4,3,2,1
-1,-2,-3,-4,-5,-4,-3,-2,-1,0,0,0,0,0,0,0,0,0,0,0,0,0,0,0,-6,0,0,-7,0,-7,0,-7,0,-7,0,-7,0,-6,0,0,0,0,0,0,0,0,0,0,0,0,0,0,0,0,7,0,7,0,7,0,7,0,7,0,6,0,0,0,0,0,0,0,0,0,0,0,0,0,0,6,0,1,2,3,4,5,4,3,2,1,|,1,0,0,2,|,21.799999999999272,|,-1,0,-3,-4,-5,-4,-3,-2,-1,0,0,0,0,0,0,0,0,0,-2,0,0,0,0,0,-6,0,0,-7,0,-7,0,-7,0,-7,0,-7,0,-6,0,0,0,0,0,0,0,0,0,0,0,0,0,0,0,0,7,0,7,0,7,0,7,0,7,0,6,0,0,0,0,0,0,0,0,0,6,0,0,0,0,0,0,1,2,3,4,5,4,3,2,1
-1,0,-3,-4,-5,-4,-3,-2,-1,0,0,0,0,0,0,0,0,0,0,0,0,0,0,0,0,0,0,-7,0,-7,-2,-7,0,-7,0,-7,0,-6,0,0,0,0,0,0,0,0,0,0,0,7,0,0,0,0,7,0,7,0,0,0,-6,0,7,0,0,6,0,0,0,0,0,0,0,0,0,0,0,0,0,6,0,1,2,3,4,5,4,3,2,1,|,0,0,0,2,|,249.07500000000073,|,0,0,-3,-4,-5,-4,-3,-2,-1,0,0,0,0,0,0,0,0,0,-1,0,0,0,0,0,0,0,0,-7,0,-7,-2,-7,0,-7,0,-7,0,-6,0,0,0,0,0,0,0,0,0,0,0,7,0,0,0,0,7,0,7,0,0,0,-6,0,7,0,0,6,0,0,0,0,0,0,0,6,0,0,0,0,0,0,0,1,2,3,4,5,4,3,2,1
0,0,-3,-4,-5,-4,-3,-2,-1,0,0,0,0,0,0,0,0,0,-1,0,0,0,0,0,0,0,0,-7,0,-7,-2,-7,0,-7,0,-7,0,-6,0,0,0,0,0,0,0,0,0,0,0,7,0,0,0,0,7,0,7,0,0,0,-6,0,7,0,0,6,0,0,0,0,0,0,0,6,0,0,0,0,0,0,0,1,2,3,4,5,4,3,2,1,|,0,2,2,2,|,216.42499999999927,|,0,0,-3,-4,-5,-4,-3,-2,-1,0,0,0,0,0,0,0,0,0,0,0,-1,0,0,0,0,0,0,-7,0,-7,-2,-7,0,-7,0,-7,0,-6,0,0,0,0,0,0,0,0,0,0,0,7,0,0,0,0,7,0,7,0,0,0,-6,0,7,0,0,6,0,0,0,0,0,0,0,0,0,0,0,0,6,0,0,1,2,3,4,5,4,3,2,1
0,0,-3,-4,-5,-4,-3,-2,0,0,0,0,0,0,0,0,0,-1,0,0,-1,0,0,0,0,0,0,-7,0,-7,-2,-7,0,-7,0,-7,0,-6,0,0,0,0,0,0,0,0,0,0,0,7,0,0,0,0,7,0,7,0,0,0,-6,0,7,0,0,6,0,0,0,0,0,0,0,0,6,0,0,0,0,0,0,1,2,3,4,5,4,3,2,1,|,3,3,4,5,|,177.60000000000036,|,0,0,-3,-4,-5,-4,-3,-2,0,0,0,0,0,0,0,0,0,-1,0,0,-1,0,0,0,0,0,0,-7,0,6,0,-7,0,-7,0,-7,0,-6,0,0,0,0,0,0,0,0,0,0,0,-2,0,0,0,0,7,0,7,0,0,0,-6,0,7,0,0,0,0,0,0,0,0,0,0,0,6,0,0,0,0,0,0,1,2,3,4,5,4,3,2,1
0,0,-3,-4,-5,-4,-3,-2,-1,0,0,0,0,0,0,0,0,0,0,0,-1,0,0,0,0,0,0,-7,0,-7,-2,-7,0,-7,0,-7,0,-6,0,0,0,0,0,0,0,0,0,0,0,7,0,0,0,0,7,0,7,0,0,0,-6,0,7,0,0,6,0,0,0,0,0,0,0,0,0,0,0,0,6,0,0,1,2,3,4,5,4,3,2,1,|,8,0,8,1,|,297.9500000000007,|,0,0,-3,-4,-5,-4,-3,-2,0,0,0,0,0,0,0,0,0,-1,0,0,-1,0,0,0,0,0,0,-7,0,-7,-2,-7,0,-7,0,-7,0,-6,0,0,0,0,0,0,0,0,0,0,0,7,0,0,0,0,7,0,7,0,0,0,-6,0,7,0,0,6,0,0,0,0,0,0,0,0,6,0,0,0,0,0,0,1,2,3,4,5,4,3,2,1
0,0,-3,-4,-5,-4,-3,-2,0,0,0,0,0,0,0,0,0,-1,0,0,-1,0,0,0,0,0,0,-7,0,6,0,-7,0,-7,0,-7,0,-6,0,0,0,0,0,0,0,0,0,0,0,-2,0,0,0,0,7,0,7,0,0,0,-6,0,7,0,0,0,0,0,0,0,0,0,0,0,6,0,0,0,0,0,0,1,2,3,4,5,4,3,2,1,|,2,2,2,0,|,-388.84999999999854,|,0,0,-1,-4,-5,-4,-3,-2,0,0,0,0,0,0,0,0,0,-1,0,0,0,0,0,0,0,0,0,-7,0,0,0,-7,0,-7,0,-7,0,-6,0,0,0,0,0,0,0,0,0,0,0,-2,0,0,0,0,7,0,7,0,0,0,-6,0,7,0,0,0,0,0,0,0,0,0,0,0,6,0,0,0,0,0,0,1,2,3,4,5,4,3,2,1
0,0,-1,-4,-5,-4,-3,-2,0,0,0,0,0,0,0,0,0,-1,0,0,0,0,0,0,0,0,0,-7,0,0,0,-7,0,-7,0,-7,0,-6,0,0,0,0,0,0,0,0,0,0,0,-2,0,0,0,0,7,0,7,0,0,0,-6,0,7,0,0,0,0,0,0,0,0,0,0,0,6,0,0,0,0,0,0,1,2,3,4,5,4,3,2,1,|,2,0,2,6,|,538.1749999999993,|,0,0,0,-4,-5,-4,-3,-2,0,0,0,0,0,0,0,0,0,-1,0,0,0,0,0,0,0,0,0,-7,0,0,0,-7,0,-7,0,-7,0,-6,0,0,0,0,0,0,0,0,0,0,0,-2,0,0,0,0,7,0,-1,0,0,0,-6,0,7,0,0,0,0,0,0,0,0,0,0,0,0,0,6,0,0,0,0,1,2,3,4,5,4,3,2,1
0,0,0,-4,-5,-4,-3,-2,0,0,0,0,0,0,0,0,0,-1,0,0,0,0,0,0,0,0,0,-7,0,0,0,-7,0,-7,0,-7,0,-6,0,0,0,0,0,0,0,0,0,0,0,-2,0,0,0,0,7,0,-1,0,0,0,-6,0,7,0,0,0,0,0,0,0,0,0,0,0,0,0,6,0,0,0,0,1,2,3,4,5,4,3,2,1,|,1,4,3,4,|,677.625,|,0,0,0,-4,-5,-4,-3,-2,0,0,0,0,0,0,0,0,0,-1,0,0,0,0,0,0,0,0,0,-7,0,0,0,-7,0,-7,0,-7,0,0,0,-6,0,0,0,0,0,0,0,0,0,-2,0,0,0,0,7,0,-1,0,0,0,-6,0,7,0,0,2,0,0,0,0,0,0,0,0,0,0,6,0,0,0,0,1,0,3,4,5,4,3,2,1
0,0,0,-4,-5,-4,-3,-2,0,0,0,0,0,0,0,0,-1,0,0,0,0,0,0,0,0,0,0,-7,0,0,0,-7,0,-7,0,-7,0,0,0,-6,0,0,0,0,0,7,0,0,0,-2,0,0,0,0,0,0,-1,0,0,0,-6,0,7,0,0,2,0,0,0,0,0,0,0,0,0,0,6,0,0,0,0,1,0,3,4,5,4,3,2,1,|,7,1,2,1,|,731.5,|,0,0,0,-4,-5,-4,-3,-2,0,0,0,-1,0,0,0,0,0,0,0,0,0,0,0,0,0,0,0,-7,0,0,0,-7,0,-7,0,-7,0,0,0,-6,0,0,0,0,0,7,0,0,0,-2,0,0,0,0,0,0,-1,0,0,0,-6,0,7,1,0,2,0,0,0,0,0,0,0,0,0,0,6,0,0,0,0,0,0,3,4,5,4,3,2,1
0,0,0,-4,-5,-4,-3,-2,0,0,0,-1,0,0,0,0,0,0,0,0,0,0,0,0,0,0,0,-7,0,0,0,-7,0,-7,0,-7,0,0,0,-6,0,0,0,0,0,7,0,0,0,-2,0,0,0,0,0,0,-1,0,0,0,-6,0,7,1,0,2,0,0,0,0,0,0,0,0,0,0,6,0,0,0,0,0,0,3,4,5,4,3,2,1,|,6,6,7,6,|,638.1749999999993,|,0,0,0,-4,-5,-4,-3,-2,0,0,0,-1,0,0,0,0,0,0,0,0,0,0,0,0,0,0,0,-7,0,0,0,-7,0,-7,0,-7,0,0,0,-6,0,0,0,0,0,7,0,0,0,-2,0,0,0,0,0,0,-1,0,0,0,0,-6,7,1,0,2,0,0,0,0,0,2,0,0,0,0,6,0,0,0,0,0,0,3,4,5,4,3,0,1
0,0,0,-4,-5,-4,-3,-2,0,0,0,-1,0,0,0,0,0,0,0,0,0,0,0,0,0,0,0,-7,0,0,0,-7,0,-7,0,-7,0,0,0,-6,0,0,0,0,0,7,0,0,0,-2,0,0,0,0,0,0,-1,0,0,0,0,-6,7,1,0,2,0,0,0,0,0,2,0,0,0,0,6,0,0,0,0,0,0,3,4,5,4,3,0,1,|,2,1,2,3,|,529.25,|,0,0,0,-4,-5,-4,-3,-2,0,0,0,0,0,0,0,0,0,0,0,0,0,0,0,0,0,0,0,-7,0,-1,0,-7,0,-7,0,-7,0,0,0,-6,0,0,0,0,0,7,0,0,0,-2,0,0,0,0,0,0,-1,0,0,0,0,-6,7,1,0,0,0,0,0,0,0,2,2,0,0,0,6,0,0,0,0,0,0,3,4,5,4,3,0,1
0,0,0,-4,-5,-4,-3,-2,0,0,0,0,0,0,0,0,0,0,0,0,0,0,0,0,0,0,0,-7,0,-1,0,-7,0,-7,0,-7,0,0,0,-6,0,0,0,0,0,7,0,0,0,-2,0,0,0,0,0,0,-1,0,0,0,0,-6,7,1,0,0,0,0,0,0,0,2,2,0,0,0,6,0,0,0,0,0,0,3,4,5,4,3,0,1,|,0,3,0,4,|,446.2999999999993,|,0,0,0,-4,-5,-4,-3,-2,0,0,0,0,0,0,0,0,0,0,0,0,0,0,0,0,0,0,0,0,0,-1,0,-7,0,-7,0,-7,-7,0,0,-6,0,0,0,0,0,0,0,0,0,-2,0,0,0,0,0,0,-1,0,0,0,0,-6,7,1,0,0,0,0,0,0,0,2,2,0,0,0,6,0,0,0,0,0,0,3,4,5,4,3,0,1
0,0,0,-4,-5,-4,-3,-2,0,0,0,0,0,0,0,0,0,0,0,0,0,0,0,0,0,0,0,0,0,-1,0,-7,0,-7,0,-7,-7,0,0,-6,0,0,0,0,0,0,0,0,0,-2,0,0,0,0,0,0,-1,0,0,0,0,-6,7,1,0,0,0,0,0,0,0,2,2,0,0,0,6,0,0,0,0,0,0,3,4,5,4,3,0,1,|,3,4,3,2,|,-5,|,0,0,0,-4,-5,-4,-3,-2,0,0,0,0,0,0,0,0,0,0,0,0,0,-6,0,0,0,0,0,0,0,-1,0,-7,0,-7,0,-7,-7,0,0,0,0,0,0,0,0,0,0,0,0,-2,0,0,0,0,0,0,-1,0,0,0,0,-6,7,0,0,0,0,1,0,0,0,2,2,0,0,0,6,0,0,0,0,0,0,3,4,5,4,3,0,1
-1,0,-3,-4,-5,-4,-3,-2,-1,0,0,0,0,0,0,0,0,0,-2,0,0,0,0,0,-6,0,0,-7,0,-7,0,-7,0,-7,0,-7,0,-6,0,0,0,0,0,0,0,0,0,0,0,0,0,0,0,0,7,0,7,0,7,0,7,0,7,0,6,0,0,0,0,0,0,0,0,0,6,0,0,0,0,0,0,1,2,3,4,5,4,3,2,1,|,0,2,2,1,|,125,|,-1,0,-3,-4,-5,-4,-3,-2,-1,0,0,-2,0,0,0,0,0,0,0,0,0,0,0,0,-6,0,0,-7,0,-7,0,-7,0,-7,0,-7,0,-6,0,0,0,0,0,0,0,0,0,0,0,0,0,0,0,0,7,0,7,0,7,0,7,0,7,0,6,0,0,0,0,0,0,0,0,0,0,0,0,0,0,6,0,1,2,3,4,5,4,3,2,1
0,0,0,0,-5,-4,-3,-2,0,0,0,0,0,-4,0,0,0,0,0,0,0,-6,0,0,0,0,0,0,0,-1,0,-7,0,-7,0,-7,-7,0,0,0,0,0,0,0,0,0,0,0,0,-2,0,0,0,0,0,0,-1,0,0,0,0,-6,7,0,0,2,0,1,0,0,0,2,0,0,0,0,6,0,0,0,0,0,0,3,4,5,4,3,0,1,|,2,6,2,7,|,473.1749999999993,|,0,0,0,0,-5,-4,-3,-2,0,0,0,0,0,-4,0,0,0,0,0,0,0,-6,0,0,0,0,0,0,0,-1,0,-7,0,-7,0,-7,-7,0,0,0,0,0,0,0,0,0,0,0,0,1,0,0,0,0,0,0,0,0,0,0,0,-6,7,0,0,-1,0,0,0,0,0,2,0,0,0,0,6,0,0,0,0,0,0,3,4,5,4,3,0,1
0,0,0,-4,-5,-4,-3,-2,0,0,0,0,0,0,0,0,0,-1,0,0,0,0,0,0,0,0,0,-7,0,0,0,-7,0,-7,0,-7,0,0,0,-6,0,0,0,0,0,0,0,0,0,-2,0,0,0,0,7,0,-1,0,0,0,-6,0,7,0,0,2,0,0,0,0,0,0,0,0,0,0,6,0,0,0,0,1,0,3,4,5,4,3,2,1,|,8,1,7,1,|,720,|,0,0,0,-4,-5,-4,-3,-2,0,0,0,0,0,0,0,0,-1,0,0,0,0,0,0,0,0,0,0,-7,0,0,0,-7,0,-7,0,-7,0,0,0,-6,0,0,0,0,0,7,0,0,0,-2,0,0,0,0,0,0,-1,0,0,0,-6,0,7,0,0,2,0,0,0,0,0,0,0,0,0,0,6,0,0,0,0,1,0,3,4,5,4,3,2,1
0,0,0,-4,-5,-4,-3,-2,0,0,0,0,0,0,0,0,0,0,0,0,0,-6,0,0,0,0,0,0,0,-1,0,-7,0,-7,0,-7,-7,0,0,0,0,0,0,0,0,0,0,0,0,-2,0,0,0,0,0,0,-1,0,0,0,0,-6,7,0,0,0,0,1,0,0,0,2,2,0,0,0,6,0,0,0,0,0,0,3,4,5,4,3,0,1,|,3,0,4,1,|,414.25,|,0,0,0,0,-5,-4,-3,-2,0,0,0,0,0,-4,0,0,0,0,0,0,0,-6,0,0,0,0,0,0,0,-1,0,-7,0,-7,0,-7,-7,0,0,0,0,0,0,0,0,0,0,0,0,-2,0,0,0,0,0,0,-1,0,0,0,0,-6,7,0,0,2,0,1,0,0,0,2,0,0,0,0,6,0,0,0,0,0,0,3,4,5,4,3,0,1
0,0,0,0,-5,-4,-3,-2,0,0,0,0,0,-4,0,0,0,0,0,0,0,0,0,0,0,0,0,0,0,-1,0,-7,0,-7,0,-7,-7,0,0,0,0,0,0,0,0,0,0,0,0,0,0,0,0,0,0,0,0,0,0,0,0,-6,7,0,0,-1,0,0,0,0,0,2,0,0,0,0,-6,6,0,0,0,0,0,3,4,5,4,3,0,1,|,7,6,7,7,|,884.375,|,0,0,0,0,-5,-4,-3,-2,0,0,0,0,0,-4,0,0,0,0,0,0,0,0,0,0,0,0,0,0,0,-1,0,-7,0,-7,0,-7,-7,0,0,0,0,0,0,0,0,0,0,0,0,0,0,0,0,0,0,0,0,0,0,0,0,0,7,0,0,-1,0,0,0,0,-6,2,0,0,0,0,-6,6,0,0,0,0,0,3,4,5,4,3,1,0
0,0,0,0,-5,-4,-3,-2,0,0,0,0,0,-4,0,0,0,0,0,0,0,-6,0,0,0,0,0,0,0,-1,0,-7,0,-7,0,-7,-7,0,0,0,0,0,0,0,0,0,0,0,0,1,0,0,0,0,0,0,0,0,0,0,0,-6,7,0,0,-1,0,0,0,0,0,2,0,0,0,0,6,0,0,0,0,0,0,3,4,5,4,3,0,1,|,3,2,4,2,|,705.5499999999993,|,0,0,0,0,-5,-4,-3,-2,0,0,0,0,0,-4,0,0,0,0,0,0,0,0,-6,0,0,0,0,0,0,-1,0,-7,0,-7,0,-7,-7,0,0,0,0,0,0,0,0,0,0,0,0,1,0,0,0,0,0,0,0,0,0,0,0,-6,7,0,0,-1,0,0,0,0,0,2,0,0,0,0,0,6,0,0,0,0,0,3,4,5,4,3,0,1
0,0,0,0,-5,-4,-3,-2,0,0,0,0,0,-4,0,0,0,0,0,0,0,0,0,0,0,0,0,0,0,-1,0,-7,0,-7,0,-7,-7,0,0,0,-6,0,0,0,0,0,0,0,0,0,0,0,0,7,0,0,0,0,0,0,0,0,0,0,0,-1,0,0,0,0,-6,2,0,0,0,0,0,6,0,0,0,0,0,3,4,5,4,3,1,0,|,2,3,2,5,|,1156.4249999999993,|,0,0,0,0,-5,-4,-3,-2,0,0,0,0,0,-4,0,0,0,0,0,0,0,0,0,0,0,0,0,0,0,0,0,-7,0,-7,0,-7,-7,0,0,0,-6,0,0,0,0,0,0,-1,0,0,6,0,0,7,0,0,0,0,0,0,0,0,0,0,0,-1,0,0,0,0,-6,2,0,0,0,0,0,0,0,0,0,0,0,3,4,5,4,3,1,0
0,0,0,0,-5,-4,-3,-2,0,0,0,0,0,-4,0,0,0,0,0,0,0,0,-6,0,0,0,0,0,0,-1,0,-7,0,-7,0,-7,-7,0,0,0,0,0,0,0,0,0,0,0,0,1,0,0,0,0,0,0,0,0,0,0,0,-6,7,0,0,-1,0,0,0,0,0,2,0,0,0,0,0,6,0,0,0,0,0,3,4,5,4,3,0,1,|,4,2,4,8,|,909,|,0,0,0,0,-5,-4,-3,-2,0,0,0,0,0,-4,0,0,0,0,0,0,0,0,0,0,0,0,0,0,0,-1,0,-7,0,-7,0,-7,-7,0,0,0,0,0,0,0,0,0,0,0,0,0,0,0,0,0,0,0,0,0,0,0,0,-6,7,0,0,-1,0,0,0,0,0,2,0,0,0,0,-6,6,0,0,0,0,0,3,4,5,4,3,0,1
0,0,0,0,-5,-4,-3,-2,0,0,0,0,0,-4,0,0,0,0,0,0,0,0,0,0,0,0,0,0,0,0,0,-7,0,-7,0,-7,-7,0,0,0,-6,0,0,0,7,0,0,0,0,0,6,0,0,0,0,0,-1,0,0,0,0,0,0,0,0,-1,0,0,0,0,-6,2,0,0,0,0,0,0,0,0,0,0,0,3,4,5,4,3,1,0,|,4,4,7,4,|,1011.125,|,0,0,0,0,-5,-4,-3,-2,0,0,0,0,0,-4,0,0,0,0,0,0,0,0,0,0,0,0,0,0,0,0,0,-7,0,-7,0,7,-7,0,0,0,0,0,0,-6,0,0,0,0,0,0,6,0,0,0,0,0,-1,0,0,0,0,0,0,0,0,-1,0,0,0,0,-6,2,0,0,0,0,0,0,0,0,0,0,0,3,4,5,4,3,1,0
0,0,0,0,-5,-4,-3,-2,0,0,0,0,0,-4,0,0,0,0,0,0,0,0,0,0,0,0,0,0,0,0,0,-7,0,-7,0,7,-7,0,0,0,0,0,0,-6,0,0,0,0,0,0,6,0,0,0,0,0,-1,0,0,0,0,0,0,0,0,-1,0,0,0,0,-6,2,0,0,0,0,0,0,0,0,0,0,0,3,4,5,4,3,1,0,|,2,6,5,6,|,-18888,|,0,0,0,0,-5,-4,-3,-2,0,0,0,0,0,-4,0,0,0,0,0,0,0,0,0,0,0,0,0,0,0,0,0,-7,0,-7,0,7,-7,0,0,0,0,0,0,-6,0,0,0,0,0,0,0,6,0,0,0,0,0,0,0,-1,0,0,0,0,0,-1,0,0,0,0,-6,2,0,0,0,0,0,0,0,0,0,0,0,3,4,5,4,3,1,0
0,0,0,0,-5,-4,-3,-2,0,0,0,0,0,-4,0,0,0,0,0,0,0,0,0,0,0,0,0,0,0,0,0,-7,0,-7,0,-7,-7,0,0,0,-6,0,0,0,0,0,0,-1,0,0,6,0,0,7,0,0,0,0,0,0,0,0,0,0,0,-1,0,0,0,0,-6,2,0,0,0,0,0,0,0,0,0,0,0,3,4,5,4,3,1,0,|,2,5,2,6,|,1012.625,|,0,0,0,0,-5,-4,-3,-2,0,0,0,0,0,-4,0,0,0,0,0,0,0,0,0,0,0,0,0,0,0,0,0,-7,0,-7,0,-7,-7,0,0,0,-6,0,0,0,7,0,0,0,0,0,6,0,0,0,0,0,-1,0,0,0,0,0,0,0,0,-1,0,0,0,0,-6,2,0,0,0,0,0,0,0,0,0,0,0,3,4,5,4,3,1,0
0,0,0,0,-5,-4,-3,-2,0,0,0,0,0,-4,0,0,0,0,0,0,0,0,0,0,0,0,0,0,0,-1,0,-7,0,-7,0,-7,-7,0,0,0,0,0,0,0,0,0,0,0,0,0,0,0,0,0,0,0,0,0,0,0,0,0,7,0,0,-1,0,0,0,0,-6,2,0,0,0,0,-6,6,0,0,0,0,0,3,4,5,4,3,1,0,|,4,8,4,4,|,1118.375,|,0,0,0,0,-5,-4,-3,-2,0,0,0,0,0,-4,0,0,0,0,0,0,0,0,0,0,0,0,0,0,0,-1,0,-7,0,-7,0,-7,-7,0,0,0,-6,0,0,0,0,0,0,0,0,0,0,0,0,7,0,0,0,0,0,0,0,0,0,0,0,-1,0,0,0,0,-6,2,0,0,0,0,0,6,0,0,0,0,0,3,4,5,4,3,1,0
0,0,0,0,-5,-4,-3,-2,0,0,0,0,0,-4,0,0,0,0,0,0,0,0,0,0,0,0,0,0,0,0,0,-7,0,-7,0,7,-7,0,0,0,0,0,0,-6,0,0,0,0,0,0,0,6,0,0,0,0,0,0,0,-1,0,0,0,0,0,-1,0,0,0,0,-6,2,0,0,0,0,0,0,0,0,0,0,0,3,4,5,4,3,1,0,|,6,0,4,2,|,994.25,|,0,0,0,0,-5,-4,0,-2,0,0,0,0,0,-4,0,0,0,0,0,0,0,0,-3,0,0,0,0,0,0,0,0,-7,0,-7,7,0,-7,0,0,0,0,0,0,-6,0,0,0,0,0,0,0,6,0,0,0,0,0,0,0,-1,0,0,0,0,0,-1,0,0,0,0,-6,2,0,0,0,0,0,0,0,0,0,0,0,3,4,5,4,3,1,0
0,0,0,-5,0,-4,0,-2,0,0,0,0,0,-4,0,0,7,0,0,0,0,0,-3,0,0,0,0,0,0,0,0,-7,0,-7,0,0,-7,0,0,0,0,0,0,0,0,0,0,0,0,0,0,6,0,0,0,0,0,0,0,-1,0,0,0,0,0,-1,0,0,0,0,-6,2,0,0,0,0,0,0,0,0,0,0,0,3,4,5,4,3,-6,0,|,7,0,5,1,|,1219.5,|,0,0,0,-5,0,-4,0,0,0,0,0,0,0,-4,-2,0,7,0,0,0,0,0,-3,0,0,0,0,0,0,0,0,-7,0,-7,0,0,-7,0,0,0,0,0,0,0,0,0,0,0,0,0,0,6,0,0,0,0,0,0,0,-1,0,0,0,0,0,-1,0,0,0,0,-6,0,0,0,0,0,0,0,0,0,0,0,0,3,4,5,4,3,2,0
0,0,0,0,-5,-4,0,-2,0,0,0,0,0,-4,0,0,0,0,0,0,0,0,-3,0,0,0,0,0,0,0,0,-7,0,-7,7,0,-7,0,0,0,0,0,0,-6,0,0,0,0,0,0,0,6,0,0,0,0,0,0,0,-1,0,0,0,0,0,-1,0,0,0,0,-6,2,0,0,0,0,0,0,0,0,0,0,0,3,4,5,4,3,1,0,|,4,0,3,0,|,1047.8250000000007,|,0,0,0,-5,0,-4,0,-2,0,0,0,0,0,-4,0,0,0,0,0,0,0,0,-3,0,0,7,0,0,0,0,0,-7,0,-7,0,0,-7,0,0,0,0,0,0,-6,0,0,0,0,0,0,0,6,0,0,0,0,0,0,0,-1,0,0,0,0,0,-1,0,0,0,0,-6,2,0,0,0,0,0,0,0,0,0,0,0,3,4,5,4,3,1,0
0,0,0,-5,0,-4,0,-2,0,0,0,0,0,-4,0,0,0,0,0,0,0,0,-3,0,0,7,0,0,0,0,0,-7,0,-7,0,0,-7,0,0,0,0,0,0,-6,0,0,0,0,0,0,0,6,0,0,0,0,0,0,0,-1,0,0,0,0,0,-1,0,0,0,0,-6,2,0,0,0,0,0,0,0,0,0,0,0,3,4,5,4,3,1,0,|,7,4,7,9,|,1300.5,|,0,0,0,-5,0,-4,0,-2,0,0,0,0,0,-4,0,0,7,0,0,0,0,0,-3,0,0,0,0,0,0,0,0,-7,0,-7,0,0,-7,0,0,0,0,0,0,0,0,0,0,0,0,0,0,6,0,0,0,0,0,0,0,-1,0,0,0,0,0,-1,0,0,0,0,-6,2,0,0,0,0,0,0,0,0,0,0,0,3,4,5,4,3,-6,0
0,0,0,0,-5,-4,0,0,0,0,0,0,0,-4,-2,7,0,0,0,0,0,0,-3,0,0,0,0,0,0,0,0,-7,0,-7,0,0,-7,0,0,0,0,0,0,0,0,0,0,0,0,0,0,6,0,0,0,0,0,0,0,-1,0,0,0,0,0,-1,0,0,0,0,-6,0,0,0,0,0,0,0,0,0,0,0,0,3,4,5,4,3,2,0,|,4,2,2,0,|,995.375,|,0,0,-3,0,-5,-4,0,0,0,0,0,0,0,-4,-2,7,0,0,0,0,0,0,0,0,0,0,0,0,0,0,0,-7,0,-7,0,0,-7,0,0,0,0,0,0,0,0,0,0,0,0,6,0,0,0,0,0,0,0,0,0,-1,0,0,0,0,0,-1,0,0,0,0,-6,0,0,0,0,0,0,0,0,0,0,0,0,3,4,5,4,3,2,0

0,0,0,-5,0,-4,0,0,0,0,0,0,0,-4,-2,0,7,0,0,0,0,0,-3,0,0,0,0,0,0,0,0,-7,0,-7,0,0,-7,0,0,0,0,0,0,0,0,0,0,0,0,0,0,6,0,0,0,0,0,0,0,-1,0,0,0,0,0,-1,0,0,0,0,-6,0,0,0,0,0,0,0,0,0,0,0,0,3,4,5,4,3,2,0,|,3,0,4,0,|,1027.5,|,0,0,0,0,-5,-4,0,0,0,0,0,0,0,-4,-2,7,0,0,0,0,0,0,-3,0,0,0,0,0,0,0,0,-7,0,-7,0,0,-7,0,0,0,0,0,0,0,0,0,0,0,0,0,0,6,0,0,0,0,0,0,0,-1,0,0,0,0,0,-1,0,0,0,0,-6,0,0,0,0,0,0,0,0,0,0,0,0,3,4,5,4,3,2,0
-1,-2,-3,-4,-5,-4,-3,-2,-1,0,0,0,0,0,0,0,0,0,0,0,0,0,0,0,0,-6,0,-7,0,-7,0,-7,0,-7,0,-7,0,-6,0,0,0,0,0,0,0,0,0,0,0,0,0,0,0,0,7,0,7,0,7,0,7,0,7,0,6,0,0,0,0,0,6,0,0,0,0,0,0,0,0,0,0,1,2,3,4,5,4,3,2,1,|,7,2,7,4,|,2.1749999999992724,|,-1,-2,-3,-4,-5,-4,-3,-2,-1,0,0,0,0,0,0,0,0,0,0,0,0,0,0,0,0,0,0,-7,0,-7,0,-7,0,-7,0,-7,0,-6,0,0,0,0,0,-6,0,0,0,0,0,0,0,0,0,0,7,0,7,0,7,0,7,0,7,0,6,0,0,0,0,0,0,0,0,0,0,0,0,0,0,6,0,1,2,3,4,5,4,3,2,1
-1,-2,-3,-4,-5,-4,-3,-2,-1,0,0,0,0,0,0,0,0,0,0,-6,0,0,0,0,0,-6,0,-7,0,-7,0,-7,0,-7,0,-7,0,0,0,0,0,0,0,0,0,0,0,0,0,0,0,0,0,0,7,0,7,0,7,0,7,0,7,0,6,0,0,0,0,0,6,0,0,0,0,0,0,0,0,0,0,1,2,3,4,5,4,3,2,1,|,1,2,1,4,|,-3.8250000000007276,|,-1,-2,-3,-4,-5,-4,-3,-2,-1,0,0,0,0,0,0,0,0,0,0,0,0,0,0,0,0,-6,0,-7,0,-7,0,-7,0,-7,0,-7,0,-6,0,0,0,0,0,0,0,0,0,0,0,0,0,0,0,0,7,0,7,0,7,0,7,0,7,0,6,0,0,0,0,0,6,0,0,0,0,0,0,0,0,0,0,1,2,3,4,5,4,3,2,1
-1,-2,-3,-4,-5,-4,-3,-2,-1,0,0,0,0,0,0,0,0,0,0,0,0,0,0,0,0,0,0,-7,0,-7,0,-7,0,-7,0,-7,0,-6,0,0,0,0,0,-6,0,0,0,0,0,0,0,0,0,0,7,0,7,0,7,0,7,0,7,0,6,0,0,0,0,0,0,0,0,0,0,0,0,0,0,6,0,1,2,3,4,5,4,3,2,1,|,7,4,8,4,|,118.5,|,-1,-2,-3,-4,-5,-4,-3,-2,-1,0,0,0,0,0,0,0,0,0,0,0,0,0,0,0,0,0,0,-7,0,-7,0,-7,0,-7,0,-7,0,-6,0,0,0,0,0,0,-6,0,0,0,0,7,0,0,0,0,7,0,7,0,0,0,7,0,7,0,6,0,0,0,0,0,0,0,0,0,0,0,0,0,0,6,0,1,2,3,4,5,4,3,2,1
-1,-2,-3,-4,-5,-4,-3,-2,-1,0,0,0,0,0,0,0,0,0,0,0,0,0,0,0,0,0,0,-7,0,-7,0,-7,0,-7,0,-7,0,-6,0,0,0,0,0,0,-6,0,0,0,0,7,0,0,0,0,7,0,7,0,0,0,7,0,7,0,6,0,0,0,0,0,0,0,0,0,0,0,0,0,0,6,0,1,2,3,4,5,4,3,2,1,|,8,0,8,2,|,56.67499999999927,|,-1,-2,-3,-4,-5,-4,-3,-2,0,0,0,0,0,0,0,0,0,0,0,0,0,0,0,0,0,0,-1,-7,0,-7,0,-7,0,-7,0,-7,0,-6,0,0,0,0,0,0,-6,0,0,0,0,7,0,0,0,0,7,0,7,0,0,0,7,0,7,0,6,0,0,0,0,0,0,0,0,0,6,0,0,0,0,0,0,1,2,3,4,5,4,3,2,1
-1,-2,-3,-4,-5,-4,-3,-2,0,0,0,0,0,0,0,0,0,0,0,0,0,0,0,-1,0,0,0,-7,0,-7,0,-7,0,-7,0,-7,0,-6,0,0,0,0,0,0,-6,0,0,0,0,7,0,0,0,0,7,0,7,0,0,0,7,0,7,0,6,0,0,0,0,0,0,0,0,0,0,0,0,0,0,0,6,1,2,3,4,5,4,3,2,1,|,1,0,2,2,|,177.79999999999927,|,-1,0,-3,-4,-5,-4,-3,-2,0,0,0,0,0,0,0,0,0,0,0,0,-2,0,0,-1,0,0,0,-7,0,-7,0,-7,0,-7,0,-7,0,-6,0,0,0,0,0,0,-6,0,0,0,0,7,0,0,0,0,7,0,7,0,0,0,7,0,7,0,6,0,0,0,0,0,0,0,0,0,0,0,6,0,0,0,0,1,2,3,4,5,4,3,2,1
-1,0,-3,-4,-5,-4,-3,-2,0,0,0,0,0,0,0,0,0,0,0,0,-2,0,0,-1,0,0,0,-7,0,-7,0,-7,0,-7,0,-7,0,-6,0,0,0,0,0,0,-6,0,0,0,0,7,0,0,0,0,7,0,7,0,0,0,7,0,7,0,6,0,0,0,0,0,0,0,0,0,0,0,6,0,0,0,0,1,2,3,4,5,4,3,2,1,|,5,2,5,3,|,105.04999999999927,|,-1,0,-3,-4,-5,-4,-3,-2,0,0,0,0,0,0,0,0,0,0,0,0,-2,0,0,0,0,0,0,-7,0,-7,0,-7,-1,-7,0,-7,0,-6,0,0,0,0,0,0,-6,0,0,0,0,7,0,0,0,0,7,0,7,0,0,0,7,0,7,0,0,0,0,0,0,0,0,6,0,0,0,0,6,0,0,0,0,1,2,3,4,5,4,3,2,1
-1,0,-3,-4,-5,-4,-3,-2,0,0,0,0,0,0,0,0,0,0,0,0,-2,0,0,0,0,0,0,-7,0,-7,0,-7,-1,-7,0,-7,0,-6,0,0,0,0,0,0,-6,0,0,0,0,7,0,0,0,0,7,0,7,0,0,0,7,0,7,0,0,0,0,0,0,0,0,6,0,0,0,0,6,0,0,0,0,1,2,3,4,5,4,3,2,1,|,5,3,5,1,|,155.75,|,-1,0,-3,-4,-5,-4,-3,-2,0,0,0,0,0,0,-1,0,0,0,0,0,-2,0,0,0,0,0,0,-7,0,-7,0,-7,0,-7,0,-7,0,-6,0,0,0,0,0,0,-6,0,0,0,0,7,0,0,0,0,7,0,7,0,0,0,7,0,7,0,0,0,0,0,0,0,0,6,0,0,0,0,0,0,0,6,0,1,2,3,4,5,4,3,2,1
-1,0,-3,-4,-5,-4,-3,-2,0,0,0,0,0,0,-1,0,0,0,0,0,-2,0,0,0,0,0,0,-7,0,-7,0,-7,0,-7,0,-7,0,-6,0,0,0,0,0,0,-6,0,0,0,0,7,0,0,0,0,7,0,7,0,0,0,7,0,7,0,0,0,0,0,0,0,0,6,0,0,0,0,0,0,0,6,0,1,2,3,4,5,4,3,2,1,|,2,2,0,1,|,120,|,-1,0,-3,-4,-5,-4,-3,-2,0,-2,0,0,0,0,-1,0,0,0,0,0,0,0,0,0,0,0,0,-7,0,-7,0,-7,0,-7,0,-7,0,-6,0,0,0,0,0,0,-6,0,0,0,0,7,0,0,0,0,7,0,7,0,0,0,7,0,7,0,0,0,0,0,0,0,0,6,0,0,0,0,4,0,0,6,0,1,2,3,4,5,0,3,2,1
-1,0,-3,-4,-5,-4,-3,-2,0,-2,0,0,0,0,-1,0,0,0,0,0,0,0,0,0,0,0,0,-7,0,-7,0,-7,0,-7,0,-7,0,-6,0,0,0,0,0,0,-6,0,0,0,0,7,0,0,0,0,7,0,7,0,0,0,7,0,7,0,0,0,0,0,0,0,0,6,0,0,0,0,4,0,0,6,0,1,2,3,4,5,0,3,2,1,|,8,4,8,7,|,184.75,|,-1,0,-3,-4,-5,-4,-3,-2,0,-2,0,0,0,0,-1,0,0,0,0,0,0,0,0,0,0,0,0,-7,0,-7,0,-7,0,-7,0,-7,0,-6,0,0,0,0,0,0,0,0,0,0,0,7,0,0,0,0,7,0,7,0,0,0,7,0,7,0,0,0,0,0,0,0,0,-6,0,0,0,0,4,0,0,0,6,1,2,3,4,5,0,3,2,1
-1,0,-3,-4,-5,-4,-3,-2,0,-2,0,0,0,0,-1,0,0,0,0,0,0,0,0,0,0,0,0,-7,0,-7,0,-7,0,-7,0,-7,0,-6,0,0,0,0,0,0,0,0,0,0,0,7,0,0,0,0,7,0,7,0,0,0,7,0,7,0,0,0,0,0,0,0,0,-6,0,0,0,0,4,0,0,0,6,1,2,3,4,5,0,3,2,1,|,4,3,4,4,|,362,|,-1,0,-3,-4,-5,-4,-3,-2,0,-2,0,0,0,0,-1,0,0,0,0,0,0,0,0,0,0,0,0,-7,0,-7,0,0,0,-7,0,-7,0,-6,0,0,-7,0,0,0,0,0,0,0,0,7,0,0,0,0,7,0,7,0,0,0,7,0,7,0,0,0,0,0,0,0,0,-6,1,0,0,0,4,0,0,0,6,0,2,3,4,5,0,3,2,1
-1,0,-3,-4,-5,-4,-3,-2,0,-2,0,0,0,0,-1,0,0,0,0,0,0,0,0,0,0,0,0,-7,0,-7,0,0,0,-7,0,-7,0,-6,0,0,-7,0,0,0,0,0,0,0,0,7,0,0,0,0,7,0,7,0,0,0,7,0,7,0,0,0,0,0,0,0,0,-6,1,0,0,0,4,0,0,0,6,0,2,3,4,5,0,3,2,1,|,5,1,5,9,|,341.75,|,-1,0,-3,-4,-5,-4,-3,-2,0,-2,0,0,0,0,0,0,0,0,0,0,0,0,0,0,0,0,0,-7,0,-7,0,0,0,-7,0,-7,0,-6,0,0,-7,0,0,0,0,0,0,0,0,7,0,0,0,0,7,0,7,0,0,0,7,0,7,0,0,0,0,0,0,0,0,-6,1,0,0,0,0,0,0,0,6,0,2,3,4,5,-1,3,2,1
-1,0,-3,-4,-5,-4,-3,-2,0,-2,0,0,0,0,0,0,0,0,0,0,0,0,0,0,0,0,0,-7,0,-7,0,0,0,-7,0,-7,0,-6,0,0,-7,0,0,0,0,0,0,0,0,7,0,0,0,0,7,0,7,0,0,0,7,0,7,0,0,0,0,0,0,0,0,-6,1,0,0,0,0,0,0,0,6,0,2,3,4,5,-1,3,2,1,|,8,7,8,9,|,429,|,-1,0,-3,-4,-5,-4,-3,-2,0,-2,0,0,0,0,0,0,0,0,0,0,0,0,0,0,0,0,0,-7,0,-7,0,0,0,-7,0,-7,0,-6,0,0,-7,0,0,0,0,0,0,0,0,7,0,0,0,0,7,0,7,0,0,0,7,0,7,0,0,0,0,0,0,0,0,0,1,0,0,0,0,0,0,0,6,0,2,3,4,0,5,3,2,-6
-1,0,-3,-4,-5,-4,-3,-2,0,-2,0,0,0,0,0,0,0,0,0,0,0,0,0,0,0,0,0,-7,0,-7,0,0,0,-7,0,-7,0,-6,0,0,-7,0,0,0,0,0,0,0,0,7,0,0,0,0,7,0,7,0,0,0,7,0,7,0,0,0,0,0,0,0,0,0,1,0,0,0,0,0,0,0,6,0,2,3,4,0,5,3,2,-6,|,0,0,1,0,|,115,|,0,-1,-3,-4,-5,-4,-3,-2,0,-2,0,0,0,0,0,0,0,0,0,0,0,0,0,0,0,0,0,-7,0,-7,0,0,0,-7,0,-7,0,-6,0,0,-7,0,0,0,0,0,0,0,0,7,0,0,0,0,7,0,7,0,0,0,7,0,7,0,0,0,0,0,0,0,0,0,1,0,0,0,6,0,0,0,0,0,2,3,4,0,5,3,2,-6
0,-1,-3,-4,-5,-4,-3,-2,0,-2,0,0,0,0,0,0,0,0,0,0,0,0,0,0,0,0,0,-7,0,-7,0,0,0,-7,0,-7,0,-6,0,0,-7,0,0,0,0,0,0,0,0,7,0,0,0,0,7,0,7,0,0,0,7,0,7,0,0,0,0,0,0,0,0,0,1,0,0,0,6,0,0,0,0,0,2,3,4,0,5,3,2,-6,|,2,0,4,2,|,104,|,0,-1,0,-4,-5,-4,-3,-2,0,-2,0,0,0,0,0,0,0,0,0,0,0,0,-3,0,0,0,0,-7,0,-7,0,0,0,-7,0,-7,0,-6,0,0,7,0,0,0,0,0,0,0,0,0,0,0,0,0,7,0,7,0,0,0,7,0,7,0,0,0,0,0,0,0,0,0,1,0,0,0,6,0,0,0,0,0,2,3,4,0,5,3,2,-6
0,-1,0,-4,-5,-4,-3,-2,0,-2,0,0,0,0,0,0,0,0,0,0,0,0,-3,0,0,0,0,-7,0,-7,0,0,0,-7,0,-7,0,-6,0,0,7,0,0,0,0,0,0,0,0,0,0,0,0,0,7,0,7,0,0,0,7,0,7,0,0,0,0,0,0,0,0,0,1,0,0,0,6,0,0,0,0,0,2,3,4,0,5,3,2,-6,|,1,0,1,1,|,72.25,|,0,0,0,-4,-5,-4,-3,-2,0,-2,-1,0,0,0,0,0,0,0,0,0,0,0,-3,0,0,0,0,-7,0,-7,0,0,0,-7,0,-7,0,-6,0,0,7,0,0,0,0,0,0,0,0,0,0,0,0,0,7,0,7,0,0,0,7,0,7,0,0,0,0,0,0,0,0,0,1,0,0,0,0,0,0,0,0,0,2,3,4,6,5,3,2,-6
0,0,0,-4,-5,-4,-3,-2,0,-2,-1,0,0,0,0,0,0,0,0,0,0,0,-3,0,0,0,0,-7,0,-7,0,0,0,-7,0,-7,0,-6,0,0,7,0,0,0,0,0,0,0,0,0,0,0,0,0,7,0,7,0,0,0,7,0,7,0,0,0,0,0,0,0,0,0,1,0,0,0,0,0,0,0,0,0,2,3,4,6,5,3,2,-6,|,5,0,4,1,|,90.5,|,0,0,0,-4,-5,0,-3,-2,0,-2,-1,0,0,-4,0,0,0,0,0,0,0,0,-3,0,0,0,0,-7,0,-7,0,7,0,-7,0,-7,0,-6,0,0,0,0,0,0,0,0,0,0,0,0,0,0,0,0,7,0,7,0,0,0,7,0,7,0,0,0,0,0,0,0,0,0,1,0,0,0,0,0,0,0,0,0,2,3,4,6,5,3,2,-6
0,0,0,-4,-5,0,-3,-2,0,-2,-1,0,0,-4,0,0,0,0,0,0,0,0,-3,0,0,0,0,-7,0,-7,0,7,0,-7,0,-7,0,-6,0,0,0,0,0,0,0,0,0,0,0,0,0,0,0,0,7,0,7,0,0,0,7,0,7,0,0,0,0,0,0,0,0,0,1,0,0,0,0,0,0,0,0,0,2,3,4,6,5,3,2,-6,|,8,3,8,4,|,-161.875,|,0,0,0,-4,-5,0,-3,-2,0,-2,-1,0,0,-4,0,0,0,0,0,0,0,0,7,0,0,0,0,-7,0,-7,0,0,0,-7,0,0,0,-6,0,0,0,0,0,0,-7,0,0,0,0,0,0,0,0,0,7,0,7,0,0,0,7,0,7,0,0,0,0,0,0,0,0,0,1,0,0,0,0,0,0,0,0,0,2,3,4,6,5,3,2,-6

-1,-2,-3,-4,-5,-4,-3,-2,0,0,0,0,0,0,0,0,0,0,0,0,0,0,0,0,0,0,-1,-7,0,-7,0,-7,0,-7,0,-7,0,-6,0,0,0,0,0,0,-6,0,0,0,0,7,0,0,0,0,7,0,7,0,0,0,7,0,7,0,6,0,0,0,0,0,0,0,0,0,6,0,0,0,0,0,0,1,2,3,4,5,4,3,2,1,|,8,2,5,2,|,119.75,|,-1,-2,-3,-4,-5,-4,-3,-2,0,0,0,0,0,0,0,0,0,0,0,0,0,0,0,-1,0,0,0,-7,0,-7,0,-7,0,-7,0,-7,0,-6,0,0,0,0,0,0,-6,0,0,0,0,7,0,0,0,0,7,0,7,0,0,0,7,0,7,0,6,0,0,0,0,0,0,0,0,0,0,0,0,0,0,0,6,1,2,3,4,5,4,3,2,1
-1,-2,-3,-4,-5,-4,-3,-2,-1,0,0,0,0,0,0,0,0,0,0,-6,0,0,0,0,0,-6,0,-7,0,-7,0,-7,0,-7,0,-7,0,0,0,0,0,0,0,0,0,0,0,0,0,0,0,0,0,0,7,0,7,0,7,0,7,0,7,0,6,0,0,0,0,0,6,0,0,0,0,0,0,0,0,0,0,1,2,3,4,5,4,3,2,1,|,7,2,6,2,|,5.200000000000728,|,-1,-2,-3,-4,-5,-4,-3,-2,-1,0,0,0,0,0,0,0,0,0,0,-6,0,0,0,0,-6,0,0,-7,0,-7,0,-7,0,-7,0,-7,0,0,0,0,0,0,0,0,0,7,0,0,0,0,0,0,0,0,0,0,7,0,7,0,7,0,7,0,6,0,0,0,0,0,6,0,0,0,0,0,0,0,0,0,0,1,2,3,4,5,4,3,2,1
-1,-2,-3,-4,-5,-4,-3,-2,-1,0,0,0,0,0,0,0,0,0,0,-6,0,0,0,0,-6,0,0,-7,0,-7,0,-7,0,-7,0,-7,0,0,0,0,0,0,0,0,0,7,0,0,0,0,0,0,0,0,0,0,7,0,7,0,7,0,7,0,6,0,0,0,0,0,6,0,0,0,0,0,0,0,0,0,0,1,2,3,4,5,4,3,2,1,|,1,2,1,9,|,68.20000000000073,|,-1,-2,-3,-4,-5,-4,-3,-2,-1,0,0,0,0,0,0,0,0,0,0,0,0,0,0,0,-6,0,0,-7,0,-7,0,-7,0,-7,0,-7,0,0,0,0,0,0,0,0,0,7,0,0,0,0,0,0,0,0,0,0,7,0,7,0,7,0,7,0,6,0,0,0,0,0,0,0,0,0,0,0,0,0,0,6,0,1,-6,3,4,5,4,3,2,1
-1,-2,-3,-4,-5,-4,-3,-2,-1,0,0,0,0,0,0,0,0,0,0,0,0,0,0,0,-6,0,0,-7,0,-7,0,-7,0,-7,0,-7,0,0,0,0,0,0,0,0,0,7,0,0,0,0,0,0,0,0,0,0,7,0,7,0,7,0,7,0,6,0,0,0,0,0,0,0,0,0,0,0,0,0,0,6,0,1,-6,3,4,5,4,3,2,1,|,0,0,0,1,|,41,|,0,-2,-3,-4,-5,-4,-3,-2,-1,-1,0,0,0,0,0,0,0,0,0,0,0,0,0,0,-6,0,0,-7,0,-7,0,-7,0,-7,0,-7,0,0,0,0,0,0,0,0,0,7,0,0,0,0,0,0,0,0,0,0,7,0,7,0,7,0,7,0,6,0,0,0,0,0,0,0,0,0,0,0,6,0,0,0,0,1,-6,3,4,5,4,3,2,1
0,-2,-3,-4,-5,-4,-3,-2,-1,-1,0,0,0,0,0,0,0,0,0,0,0,0,0,0,-6,0,0,-7,0,-7,0,-7,0,-7,0,-7,0,0,0,0,0,0,0,0,0,7,0,0,0,0,0,0,0,0,0,0,7,0,7,0,7,0,7,0,6,0,0,0,0,0,0,0,0,0,0,0,6,0,0,0,0,1,-6,3,4,5,4,3,2,1,|,0,1,8,1,|,26,|,0,-2,-3,-4,-5,-4,-3,-2,-1,0,0,0,0,0,0,0,0,-1,0,0,0,0,0,0,-6,0,0,-7,0,-7,0,-7,0,-7,0,-7,0,0,0,0,0,0,0,0,0,7,0,0,0,0,0,0,0,0,0,0,7,0,7,0,7,0,7,0,6,0,0,0,0,0,0,0,0,0,6,0,0,0,0,0,0,1,-6,3,4,5,4,3,2,1
0,-2,-3,-4,-5,-4,-3,-2,-1,0,0,0,0,0,0,0,0,-1,0,0,0,0,0,0,-6,0,0,-7,0,-7,0,-7,0,-7,0,-7,0,0,0,0,0,0,0,0,0,7,0,0,0,0,0,0,0,0,0,0,7,0,7,0,7,0,7,0,6,0,0,0,0,0,0,0,0,0,6,0,0,0,0,0,0,1,-6,3,4,5,4,3,2,1,|,8,1,7,1,|,124.57500000000073,|,0,-2,-3,-4,-5,-4,-3,-2,-1,0,0,0,0,0,0,0,-1,0,0,0,0,0,0,0,-6,0,0,-7,0,-7,0,-7,0,-7,0,-7,0,0,0,0,0,0,0,0,0,7,0,0,0,0,0,0,0,0,0,0,7,0,7,0,7,0,7,0,6,0,0,0,0,0,0,0,0,0,0,0,0,6,0,0,0,1,-6,3,4,5,4,3,2,1
0,-2,-3,-4,-5,-4,-3,-2,-1,0,0,0,0,0,0,0,-1,0,0,0,0,0,0,0,-6,0,0,-7,0,-7,0,-7,0,-7,0,-7,0,0,0,0,0,0,0,0,0,7,0,0,0,0,0,0,0,0,0,0,7,0,7,0,7,0,7,0,6,0,0,0,0,0,0,0,0,0,0,0,0,6,0,0,0,1,-6,3,4,5,4,3,2,1,|,8,0,8,2,|,172.57500000000073,|,0,-2,-3,-4,-5,-4,-3,-2,0,0,0,0,0,0,0,0,-1,0,0,0,0,0,0,0,-6,0,-1,-7,0,-7,0,-7,0,-7,0,-7,0,0,0,0,0,0,0,0,0,7,0,0,0,0,0,0,0,0,0,0,7,0,7,0,7,0,7,0,6,0,0,0,0,0,0,0,0,0,0,6,0,0,0,0,0,1,-6,3,4,5,4,3,2,1
0,-2,-3,-4,-5,-4,-3,-2,0,0,0,0,0,0,0,0,-1,0,0,0,0,0,0,0,-6,0,-1,-7,0,-7,0,-7,0,-7,0,-7,0,0,0,0,0,0,0,0,0,7,0,0,0,0,0,0,0,0,0,0,7,0,7,0,7,0,7,0,6,0,0,0,0,0,0,0,0,0,0,6,0,0,0,0,0,1,-6,3,4,5,4,3,2,1,|,0,3,0,4,|,280.125,|,0,-2,-3,-4,-5,-4,-3,-2,0,0,0,0,0,0,0,0,-1,0,0,0,0,0,0,0,-6,0,-1,0,0,-7,0,-7,0,-7,0,-7,-7,0,0,0,0,0,0,0,0,0,0,0,0,0,0,0,0,0,0,0,7,0,7,0,7,0,7,0,6,0,0,0,0,0,0,0,0,0,0,6,0,0,0,0,0,1,-6,3,4,5,4,3,2,1
0,-2,-3,-4,-5,-4,-3,-2,0,0,0,0,0,0,0,0,-1,0,0,0,0,0,0,0,-6,0,-1,0,0,-7,0,-7,0,-7,0,-7,-7,0,0,0,0,0,0,0,0,0,0,0,0,0,0,0,0,0,0,0,7,0,7,0,7,0,7,0,6,0,0,0,0,0,0,0,0,0,0,6,0,0,0,0,0,1,-6,3,4,5,4,3,2,1,|,1,9,3,9,|,456.375,|,0,-2,-3,-4,-5,-4,-3,-2,0,0,0,0,0,0,0,0,-1,0,0,0,0,0,0,0,-6,0,-1,0,0,-7,0,-7,0,-7,0,-7,-7,0,0,0,0,0,0,0,0,0,0,0,0,0,0,0,0,7,0,0,7,0,7,0,7,0,0,0,6,0,0,0,0,0,0,0,0,0,0,6,0,0,0,0,0,1,0,3,-6,5,4,3,2,1
0,-2,-3,-4,-5,-4,-3,-2,0,0,0,0,0,0,0,0,-1,0,0,0,0,0,0,0,-6,0,-1,0,0,-7,0,-7,0,-7,0,-7,-7,0,0,0,0,0,0,0,0,0,0,0,0,0,0,0,0,7,0,0,7,0,7,0,7,0,0,0,6,0,0,0,0,0,0,0,0,0,0,6,0,0,0,0,0,1,0,3,-6,5,4,3,2,1,|,7,1,7,7,|,427.1749999999993,|,0,-2,-3,-4,-5,-4,-3,-2,0,0,0,0,0,0,0,0,0,0,0,0,0,0,0,0,-6,0,-1,0,0,-7,0,-7,0,-7,0,-7,-7,0,0,0,0,0,0,0,0,0,0,0,0,0,0,0,0,7,0,0,7,0,7,0,7,0,0,0,6,0,0,0,0,0,-1,0,0,0,0,6,0,0,0,0,0,1,0,3,5,0,4,3,2,1
0,-2,-3,-4,-5,-4,-3,-2,0,0,0,0,0,0,0,0,0,0,0,0,0,0,0,0,0,0,-1,0,0,-7,0,-7,0,-7,0,-7,-7,0,0,0,0,0,0,0,0,0,0,0,0,0,0,0,0,7,0,0,7,0,7,0,-6,0,0,0,0,0,0,0,0,6,-1,0,0,0,0,6,0,0,0,0,0,1,0,3,5,0,4,3,2,1,|,4,3,4,4,|,343.9249999999993,|,0,-2,-3,-4,-5,-4,-3,-2,0,0,0,0,0,0,0,0,0,0,0,0,0,0,0,0,0,0,-1,0,0,-7,0,0,0,-7,0,-7,-7,0,0,0,-7,0,0,0,7,0,0,0,0,0,0,0,0,0,0,0,7,0,7,0,-6,0,0,0,0,0,0,0,0,6,-1,0,0,0,0,6,0,0,0,0,0,1,0,3,5,0,4,3,2,1
0,-2,-3,-4,-5,-4,-3,-2,0,0,0,0,0,0,0,0,0,0,0,0,0,0,0,0,0,0,-1,0,0,-7,0,0,0,-7,0,-7,-7,0,0,0,-7,0,0,0,7,0,0,0,0,0,0,0,0,0,0,0,7,0,7,0,-6,0,0,0,0,0,0,0,0,6,-1,0,0,0,0,6,0,0,0,0,0,1,0,3,5,0,4,3,2,1,|,8,2,3,2,|,575.5,|,0,-2,-3,-4,-5,-4,-3,-2,0,0,0,0,0,0,0,0,0,0,0,0,0,-1,0,0,0,0,0,0,0,-7,0,0,0,-7,0,-7,-7,0,0,0,-7,0,0,0,7,0,0,0,0,0,0,0,0,0,0,0,7,6,7,0,-6,0,0,0,0,0,0,0,0,6,-1,0,0,0,0,0,0,0,0,0,0,1,0,3,5,0,4,3,2,1
0,-2,-3,-4,-5,-4,-3,-2,0,0,0,0,0,0,0,0,0,0,0,0,0,-1,0,0,0,0,0,0,0,-7,0,0,0,-7,0,-7,-7,0,0,0,-7,0,0,0,7,0,0,0,0,0,0,0,0,0,0,0,7,6,7,0,-6,0,0,0,0,0,0,0,0,6,-1,0,0,0,0,0,0,0,0,0,0,1,0,3,5,0,4,3,2,1,|,3,2,3,6,|,889.375,|,0,-2,-3,-4,-5,-4,-3,-2,0,0,0,0,0,0,0,0,0,0,0,0,0,0,0,0,0,0,0,0,0,-7,0,0,0,6,0,-7,-7,0,0,0,-7,0,0,0,7,0,0,0,0,0,0,0,0,0,0,0,7,-1,7,0,-6,0,0,0,0,0,0,0,0,0,-1,0,0,0,0,0,0,0,0,0,0,1,0,3,5,0,4,3,2,1
0,-2,-3,-4,-5,-4,-3,-2,0,0,0,0,0,0,0,0,0,0,0,0,0,0,0,0,0,0,0,0,0,-7,0,0,0,6,0,-7,-7,0,0,0,-7,0,0,0,7,0,0,0,0,0,0,0,0,0,0,0,7,-1,7,0,-6,0,0,0,0,0,0,0,0,0,-1,0,0,0,0,0,0,0,0,0,0,1,0,3,5,0,4,3,2,1,|,3,6,3,1,|,730.1749999999993,|,0,-2,-3,-4,-5,-4,-3,-2,0,0,0,0,-1,0,0,0,0,0,0,0,0,0,0,0,0,0,0,0,0,-7,0,0,0,6,0,-7,-7,0,0,0,-7,0,0,0,7,0,0,0,0,0,0,0,0,0,0,0,7,0,7,0,-6,0,0,0,0,0,0,0,0,0,-1,0,0,0,0,0,0,0,0,0,0,1,0,3,0,5,4,3,2,1
0,-2,-3,-4,-5,-4,-3,-2,0,0,0,0,0,0,0,0,-1,0,0,0,0,0,0,0,0,0,0,0,0,-7,0,0,0,0,0,-7,-7,0,0,0,-7,0,0,0,7,0,0,0,0,0,0,6,0,0,0,0,7,0,7,0,-6,0,0,0,0,0,0,0,0,0,-1,0,0,0,0,0,0,0,0,0,0,1,0,3,0,5,4,3,2,1,|,7,1,7,5,|,824.25,|,0,-2,-3,-4,-5,-4,-3,-2,0,0,0,0,0,0,0,0,0,0,0,0,0,0,0,0,0,0,0,0,0,-7,0,0,0,0,0,7,-7,0,0,0,-7,0,0,0,0,0,0,0,0,0,0,6,-1,0,0,0,7,0,7,0,-6,0,0,0,0,0,0,0,0,0,-1,0,0,0,0,0,0,0,0,0,0,1,0,3,0,5,4,3,2,1
0,-2,-3,-4,-5,-4,-3,-2,0,0,0,0,-1,0,0,0,0,0,0,0,0,0,0,0,0,0,0,0,0,-7,0,0,0,6,0,-7,-7,0,0,0,-7,0,0,0,7,0,0,0,0,0,0,0,0,0,0,0,7,0,7,0,-6,0,0,0,0,0,0,0,0,0,-1,0,0,0,0,0,0,0,0,0,0,1,0,3,0,5,4,3,2,1,|,3,1,7,1,|,811.1749999999993,|,0,-2,-3,-4,-5,-4,-3,-2,0,0,0,0,0,0,0,0,-1,0,0,0,0,0,0,0,0,0,0,0,0,-7,0,0,0,0,0,-7,-7,0,0,0,-7,0,0,0,7,0,0,0,0,0,0,6,0,0,0,0,7,0,7,0,-6,0,0,0,0,0,0,0,0,0,-1,0,0,0,0,0,0,0,0,0,0,1,0,3,0,5,4,3,2,1
0,-2,-3,-4,-5,-4,-3,-2,0,0,0,0,0,0,0,0,0,0,0,0,0,0,0,0,0,0,0,0,0,-7,0,0,0,0,0,7,-7,0,0,0,-7,0,0,0,0,0,0,0,0,0,0,6,-1,0,0,0,7,0,7,0,-6,0,0,0,0,0,0,0,0,0,-1,0,0,0,0,0,0,0,0,0,0,1,0,3,0,5,4,3,2,1,|,7,5,7,2,|,84.125,|,0,-2,-3,-4,-5,-4,-3,-2,0,0,0,0,0,0,0,0,0,0,0,0,0,0,0,0,0,-1,0,0,0,-7,0,0,0,0,0,7,-7,0,0,0,-7,0,0,0,0,0,0,6,0,0,0,0,0,0,0,0,7,0,7,0,-6,0,0,0,0,0,0,0,0,0,-1,0,0,0,0,0,0,0,0,0,0,1,0,3,0,5,4,3,2,1
0,0,0,-4,-5,-4,-3,-2,0,0,0,0,-2,0,0,0,0,0,0,0,0,0,-3,0,0,-1,0,0,0,-7,0,0,0,0,0,7,-7,0,0,0,-7,0,0,0,0,0,0,6,0,0,0,0,0,0,0,1,7,0,7,0,-6,0,0,0,0,0,0,0,0,0,-1,0,0,0,0,0,0,0,0,0,0,0,0,3,0,5,4,3,2,1,|,3,1,4,3,|,768.4000000000015,|,0,0,0,-4,-5,-4,-3,-2,0,0,1,0,0,0,0,0,0,0,0,0,0,0,-3,0,0,-1,0,0,0,-7,0,-2,0,0,0,7,-7,0,0,0,-7,0,0,0,0,0,0,6,0,0,0,0,0,0,0,0,7,0,7,0,-6,0,0,0,0,0,0,0,0,0,-1,0,0,0,0,0,0,0,0,0,0,0,0,3,0,5,4,3,2,1
0,0,0,-4,-5,-4,-3,-2,0,0,0,0,0,0,1,0,0,0,0,0,0,0,-3,0,0,-1,0,0,0,-7,0,-2,0,0,0,7,-7,0,0,0,0,0,0,0,0,0,0,6,0,-7,0,0,0,0,0,0,7,0,7,0,-6,0,0,0,0,0,0,0,0,0,-1,0,0,0,0,0,0,0,0,0,0,0,0,3,0,5,4,3,2,1,|,4,3,3,5,|,1086.5,|,0,0,0,-4,-5,-4,-3,-2,0,0,0,0,0,0,1,0,0,0,0,0,0,0,-3,0,0,-1,0,0,0,-7,0,0,0,0,0,7,-7,0,0,0,0,0,0,0,0,0,0,0,-2,-7,0,0,0,0,0,0,7,0,7,0,-6,0,0,0,0,0,0,0,0,0,-1,0,0,0,0,0,0,0,0,0,0,0,0,3,0,5,4,3,2,1
0,-2,0,-4,-5,-4,-3,-2,0,0,0,0,0,0,0,0,0,0,0,0,0,0,-3,0,0,-1,0,0,0,-7,0,0,0,0,0,7,-7,0,0,0,-7,0,0,0,0,0,0,6,0,0,0,0,0,0,1,0,7,0,7,0,-6,0,0,0,0,0,0,0,0,0,-1,0,0,0,0,0,0,0,0,0,0,0,0,3,0,5,4,3,2,1,|,1,0,3,1,|,790.2000000000007,|,0,0,0,-4,-5,-4,-3,-2,0,0,0,0,-2,0,0,0,0,0,0,0,0,0,-3,0,0,-1,0,0,0,-7,0,0,0,0,0,7,-7,0,0,0,-7,0,0,0,0,0,0,6,0,0,0,0,0,0,0,1,7,0,7,0,-6,0,0,0,0,0,0,0,0,0,-1,0,0,0,0,0,0,0,0,0,0,0,0,3,0,5,4,3,2,1
0,0,0,-4,-5,-4,-3,-2,0,0,0,0,0,0,1,0,0,0,0,0,0,0,-3,0,0,-1,0,0,0,-7,0,0,0,0,0,7,-7,0,0,0,0,0,0,0,0,0,0,0,-2,-7,0,0,0,0,0,0,7,0,7,0,-6,0,0,0,0,0,0,0,0,0,-1,0,0,0,0,0,0,0,0,0,0,0,0,3,0,5,4,3,2,1,|,3,0,4,1,|,457.27500000000146,|,0,0,0,0,-5,-4,-3,-2,0,0,0,0,0,-4,1,0,0,0,0,0,0,0,-3,0,0,-1,0,0,0,-7,0,0,0,0,7,0,-7,0,0,0,0,0,0,0,0,0,0,0,-2,-7,0,0,0,0,0,0,7,0,7,0,-6,0,0,0,0,0,0,0,0,0,-1,0,0,0,0,0,0,0,0,0,0,0,0,3,0,5,4,3,2,1
0,0,0,0,-5,-4,-3,-2,0,0,0,0,0,-4,1,0,0,0,0,0,0,0,-3,0,0,7,0,0,0,-7,0,0,0,0,0,0,-7,0,0,0,0,0,0,0,0,0,0,0,-2,0,0,0,0,0,0,0,7,0,-7,0,-6,0,0,0,0,0,0,0,0,0,-1,0,0,0,0,0,0,0,0,0,0,0,0,3,0,5,4,3,2,1,|,4,6,5,6,|,493.3250000000007,|,0,0,0,0,-5,-4,-3,-2,0,0,0,0,0,-4,0,1,0,0,0,0,0,0,-3,0,0,7,0,0,0,-7,0,0,0,0,0,0,-7,0,0,0,0,0,0,0,0,0,0,0,-2,0,0,0,0,0,0,0,7,0,0,-7,-6,0,0,0,0,0,0,0,0,0,-1,0,0,0,0,0,0,0,0,0,0,0,0,3,0,5,4,3,2,1
0,0,0,0,-5,-4,-3,-2,0,0,0,0,0,-4,1,0,0,0,0,0,0,0,-3,0,0,-1,0,0,0,-7,0,0,0,0,7,0,-7,0,0,0,0,0,0,0,0,0,0,0,-2,-7,0,0,0,0,0,0,7,0,7,0,-6,0,0,0,0,0,0,0,0,0,-1,0,0,0,0,0,0,0,0,0,0,0,0,3,0,5,4,3,2,1,|,4,5,4,6,|,407.0750000000007,|,0,0,0,0,-5,-4,-3,-2,0,0,0,0,0,-4,1,0,0,0,0,0,0,0,-3,0,0,7,0,0,0,-7,0,0,0,0,0,0,-7,0,0,0,0,0,0,0,0,0,0,0,-2,0,0,0,0,0,0,0,7,0,-7,0,-6,0,0,0,0,0,0,0,0,0,-1,0,0,0,0,0,0,0,0,0,0,0,0,3,0,5,4,3,2,1
0,-2,-3,-4,-5,-4,-3,-2,0,0,0,0,0,0,0,0,0,0,0,0,0,0,0,0,-6,0,-1,0,0,-7,0,-7,0,-7,0,-7,-7,0,0,0,0,0,0,0,0,0,0,0,0,0,0,0,0,7,0,0,7,0,7,0,7,0,0,0,6,0,0,0,0,0,-1,0,0,0,0,6,0,0,0,0,0,1,0,3,5,0,4,3,2,1,|,6,2,6,6,|,403.97499999999854,|,0,-2,-3,-4,-5,-4,-3,-2,0,0,0,0,0,0,0,0,0,0,0,0,0,0,0,0,0,0,-1,0,0,-7,0,-7,0,-7,0,-7,-7,0,0,0,0,0,0,0,0,0,0,0,0,0,0,0,0,7,0,0,7,0,7,0,-6,0,0,0,0,0,0,0,0,6,-1,0,0,0,0,6,0,0,0,0,0,1,0,3,5,0,4,3,2,1
0,0,0,0,-5,-4,-3,-2,0,0,0,0,0,-4,0,1,0,0,0,0,0,0,-3,0,0,7,0,0,0,-7,0,0,0,0,0,0,-7,0,0,0,0,0,0,0,0,0,0,0,-2,0,0,0,0,0,0,0,-6,0,0,-7,0,0,0,0,0,0,0,0,0,0,-1,0,0,0,0,0,5,0,0,0,0,0,0,3,0,0,4,3,2,1,|,7,7,5,7,|,1067.0750000000007,|,0,0,0,0,-5,-4,-3,-2,0,0,0,0,0,-4,0,1,0,0,0,0,0,0,-3,0,0,7,0,0,0,-7,0,0,0,0,0,0,-7,0,0,0,0,0,0,0,0,0,0,0,-2,0,0,0,0,0,0,0,-6,0,0,-7,0,0,0,0,0,0,0,0,-1,0,0,0,0,0,0,0,0,5,0,0,0,0,0,3,0,0,4,3,2,1

0,0,0,-4,-5,-4,-3,-2,0,0,1,0,0,0,0,0,0,0,0,0,0,0,-3,0,0,-1,0,0,0,-7,0,-2,0,0,0,7,-7,0,0,0,-7,0,0,0,0,0,0,6,0,0,0,0,0,0,0,0,7,0,7,0,-6,0,0,0,0,0,0,0,0,0,-1,0,0,0,0,0,0,0,0,0,0,0,0,3,0,5,4,3,2,1,|,4,4,4,5,|,722.5,|,0,0,0,-4,-5,-4,-3,-2,0,0,0,0,0,0,1,0,0,0,0,0,0,0,-3,0,0,-1,0,0,0,-7,0,-2,0,0,0,7,-7,0,0,0,0,0,0,0,0,0,0,6,0,-7,0,0,0,0,0,0,7,0,7,0,-6,0,0,0,0,0,0,0,0,0,-1,0,0,0,0,0,0,0,0,0,0,0,0,3,0,5,4,3,2,1
0,0,0,0,-5,-4,-3,-2,0,0,0,0,0,-4,0,1,0,0,0,0,0,0,-3,0,0,7,0,0,0,-7,0,0,0,0,0,0,-7,0,0,0,0,0,0,0,0,0,0,0,-2,0,0,0,0,0,0,0,7,0,0,-7,-6,0,0,0,0,0,0,0,0,0,-1,0,0,0,0,0,0,0,0,0,0,0,0,3,0,5,4,3,2,1,|,6,6,2,6,|,489.875,|,0,0,0,0,-5,-4,-3,-2,0,0,0,0,0,-4,0,1,0,0,0,0,0,0,-3,0,0,7,0,0,0,-7,0,0,0,0,0,0,-7,0,0,0,0,0,0,0,0,0,0,0,-2,0,0,0,0,0,0,0,-6,0,0,-7,0,0,0,0,0,0,0,0,0,0,-1,0,0,0,0,0,5,0,0,0,0,0,0,3,0,0,4,3,2,1
0,-2,-3,-4,-5,-4,-3,-2,0,0,0,0,0,0,0,0,0,0,0,0,0,0,0,0,0,-1,0,0,0,-7,0,0,0,0,0,7,-7,0,0,0,-7,0,0,0,0,0,0,6,0,0,0,0,0,0,0,0,7,0,7,0,-6,0,0,0,0,0,0,0,0,0,-1,0,0,0,0,0,0,0,0,0,0,1,0,3,0,5,4,3,2,1,|,2,0,4,2,|,726,|,0,-2,0,-4,-5,-4,-3,-2,0,0,0,0,0,0,0,0,0,0,0,0,0,0,-3,0,0,-1,0,0,0,-7,0,0,0,0,0,7,-7,0,0,0,-7,0,0,0,0,0,0,6,0,0,0,0,0,0,1,0,7,0,7,0,-6,0,0,0,0,0,0,0,0,0,-1,0,0,0,0,0,0,0,0,0,0,0,0,3,0,5,4,3,2,1
-1,-2,-3,-4,-5,-4,-3,0,-1,0,0,0,0,0,0,0,0,0,0,0,-6,0,0,0,0,-6,-2,-7,0,-7,0,-7,0,-7,0,-7,0,0,0,0,0,0,0,0,0,0,0,0,0,0,0,0,0,0,7,0,7,0,7,0,7,0,7,0,6,0,0,0,0,0,6,0,0,0,0,0,0,0,0,0,0,1,2,3,4,5,4,3,2,1,|,2,2,2,6,|,-116.20000000000073,|,-1,-2,-3,-4,-5,-4,-3,0,-1,0,0,0,0,0,0,0,0,0,0,0,0,0,0,0,0,-6,-2,-7,0,-7,0,-7,0,-7,6,-7,0,0,0,0,0,0,0,0,0,0,0,0,0,0,0,0,0,0,7,0,-6,0,7,0,7,0,7,0,6,0,0,0,0,0,0,0,0,0,0,0,0,0,0,0,0,1,2,3,4,5,4,3,2,1
-1,-2,-3,-4,-5,-4,-3,0,-1,0,0,0,0,0,0,0,0,0,0,0,0,0,0,0,0,-6,-2,-7,0,-7,0,-7,0,-7,6,-7,0,0,0,0,0,0,0,0,0,0,0,0,0,0,0,0,0,0,7,0,-6,0,7,0,7,0,7,0,6,0,0,0,0,0,0,0,0,0,0,0,0,0,0,0,0,1,2,3,4,5,4,3,2,1,|,0,0,0,1,|,-73.20000000000073,|,0,-2,-3,-4,-5,-4,-3,0,-1,-1,0,0,0,0,0,0,0,0,0,0,0,0,0,0,0,-6,-2,-7,0,-7,0,-7,0,-7,6,-7,0,0,0,0,0,0,0,0,0,0,6,0,0,0,0,0,0,0,7,0,-6,0,7,0,7,0,7,0,0,0,0,0,0,0,0,0,0,0,0,0,0,0,0,0,0,1,2,3,4,5,4,3,2,1
0,-2,-3,-4,0,-4,-3,-2,-1,-1,0,0,0,-5,0,0,0,0,0,0,0,0,0,0,0,-6,0,-7,0,-7,0,0,0,-7,0,6,0,0,0,0,0,0,0,0,0,0,6,0,0,0,0,0,0,0,7,0,-6,0,7,0,7,0,7,0,0,0,0,0,0,0,0,0,0,0,0,0,0,0,0,0,0,1,2,3,4,5,4,3,2,1,|,4,1,5,1,|,-176.29999999999927,|,0,-2,-3,-4,0,-4,-3,-2,-1,-1,0,0,0,0,-5,0,0,0,0,0,0,0,0,0,0,-6,0,-7,0,-7,0,0,0,-7,6,0,0,0,0,0,0,0,0,0,0,0,6,0,0,0,0,0,0,0,7,0,-6,0,7,0,7,0,7,0,0,0,0,0,0,0,0,0,0,0,0,0,0,0,0,0,0,1,2,3,4,5,4,3,2,1
0,-2,-3,-4,-5,-4,-3,0,-1,-1,0,0,0,0,0,0,0,0,0,0,0,0,0,0,0,-6,-2,-7,0,-7,0,-7,0,-7,6,-7,0,0,0,0,0,0,0,0,0,0,6,0,0,0,0,0,0,0,7,0,-6,0,7,0,7,0,7,0,0,0,0,0,0,0,0,0,0,0,0,0,0,0,0,0,0,1,2,3,4,5,4,3,2,1,|,4,0,4,1,|,-241.95000000000073,|,0,-2,-3,-4,0,-4,-3,0,-1,-1,0,0,0,-5,0,0,0,0,0,0,0,0,0,0,0,-6,-2,-7,0,-7,0,6,0,-7,0,-7,0,0,0,0,0,0,0,0,0,0,6,0,0,0,0,0,0,0,7,0,-6,0,7,0,7,0,7,0,0,0,0,0,0,0,0,0,0,0,0,0,0,0,0,0,0,1,2,3,4,5,4,3,2,1
0,-2,-3,-4,0,-4,-3,-1,0,-1,0,0,0,0,-5,0,0,0,0,0,0,0,0,0,0,-6,0,-7,0,-7,0,0,0,-7,0,0,0,0,0,0,0,0,0,0,0,0,6,0,0,0,0,0,0,0,7,0,-6,0,7,0,7,0,7,0,0,0,0,0,0,0,0,0,0,0,0,0,0,0,0,0,0,1,2,3,4,5,4,3,2,1,|,7,2,4,2,|,91.77500000000146,|,0,-2,-3,-4,0,-4,-3,-1,0,-1,0,0,0,0,-5,0,0,0,0,0,0,0,-6,0,0,0,0,-7,0,-7,0,0,0,-7,0,0,0,0,0,0,0,0,0,0,0,0,0,0,0,6,0,0,0,0,7,0,-6,0,7,0,7,0,7,0,0,0,0,0,0,0,0,0,0,0,0,0,0,0,0,0,0,1,2,3,4,5,4,3,2,1
0,-2,-3,-4,0,-4,-3,0,-1,-1,0,0,0,-5,0,0,0,0,0,0,0,0,0,0,0,-6,-2,-7,0,-7,0,6,0,-7,0,-7,0,0,0,0,0,0,0,0,0,0,6,0,0,0,0,0,0,0,7,0,-6,0,7,0,7,0,7,0,0,0,0,0,0,0,0,0,0,0,0,0,0,0,0,0,0,1,2,3,4,5,4,3,2,1,|,8,2,7,0,|,-89.59999999999854,|,0,-2,-3,-4,0,-4,-3,-2,-1,-1,0,0,0,-5,0,0,0,0,0,0,0,0,0,0,0,-6,0,-7,0,-7,0,0,0,-7,0,6,0,0,0,0,0,0,0,0,0,0,6,0,0,0,0,0,0,0,7,0,-6,0,7,0,7,0,7,0,0,0,0,0,0,0,0,0,0,0,0,0,0,0,0,0,0,1,2,3,4,5,4,3,2,1
0,-2,-3,-4,0,-4,-3,-2,-1,-1,0,0,0,0,-5,0,0,0,0,0,0,0,0,0,0,-6,0,-7,0,-7,0,0,0,-7,6,0,0,0,0,0,0,0,0,0,0,0,6,0,0,0,0,0,0,0,7,0,-6,0,7,0,7,0,7,0,0,0,0,0,0,0,0,0,0,0,0,0,0,0,0,0,0,1,2,3,4,5,4,3,2,1,|,8,0,7,0,|,-78.79999999999927,|,0,-2,-3,-4,0,-4,-3,-1,0,-1,0,0,0,0,-5,0,0,0,0,0,0,0,0,0,0,-6,0,-7,0,-7,0,0,0,-7,0,0,0,0,0,0,0,0,0,0,0,0,6,0,0,0,0,0,0,0,7,0,-6,0,7,0,7,0,7,0,0,0,0,0,0,0,0,0,0,0,0,0,0,0,0,0,0,1,2,3,4,5,4,3,2,1
0,0,-3,-4,0,-4,-3,-1,0,-1,0,0,0,0,-5,0,0,0,0,0,-2,0,0,-6,0,0,0,-7,0,-7,0,0,0,-7,0,0,0,0,0,0,0,0,0,0,0,0,0,0,0,6,0,0,0,0,7,0,-6,0,7,0,7,0,7,0,0,0,0,0,1,0,0,0,0,0,0,0,0,0,0,0,0,0,2,3,4,5,4,3,2,1,|,0,1,1,1,|,-241.54999999999927,|,0,0,-3,-4,0,-4,-3,-1,0,0,-1,0,0,0,-5,0,0,0,0,0,-2,0,0,-6,0,0,0,-7,0,-7,0,0,0,-7,0,0,0,0,0,0,0,0,0,0,0,0,0,0,0,6,0,0,0,0,7,0,-6,0,7,0,7,0,7,0,0,1,0,0,0,0,0,0,0,0,0,0,0,0,0,0,0,0,2,3,4,5,4,3,2,1
0,-1,-3,-4,0,-4,-3,-1,0,0,0,0,0,0,-5,0,0,0,0,0,-2,0,0,-6,0,0,0,-7,0,-7,0,0,0,-7,0,0,0,0,0,0,0,0,0,0,0,0,0,0,0,6,0,0,0,0,7,0,-6,0,7,0,7,0,7,0,0,0,0,0,0,1,0,0,0,0,0,0,0,0,0,0,0,0,2,3,4,5,4,3,2,1,|,1,0,1,2,|,-66.92499999999927,|,0,0,-3,-4,0,-4,-3,-1,0,0,0,0,0,0,-5,0,0,0,0,-1,-2,0,0,-6,0,0,0,-7,0,-7,0,0,0,-7,0,0,0,0,0,0,0,0,0,0,0,0,0,6,0,0,0,0,0,0,7,0,-6,0,7,0,7,0,7,0,0,0,0,0,0,1,0,0,0,0,0,0,0,0,0,0,0,0,2,3,4,5,4,3,2,1
0,0,-3,-4,0,-4,-3,-1,0,0,0,0,0,0,-5,0,0,0,0,-1,-2,0,0,-6,0,0,0,-7,0,-7,0,0,0,-7,0,0,0,0,0,0,0,0,0,0,0,0,0,6,0,0,0,0,0,0,7,0,-6,0,7,0,7,0,7,0,0,0,0,0,0,1,0,0,0,0,0,0,0,0,0,0,0,0,2,3,4,5,4,3,2,1,|,1,2,1,5,|,-79.54999999999927,|,0,0,-3,-4,0,-4,-3,-1,0,0,0,0,0,0,-5,0,0,0,0,0,-2,0,0,-6,0,0,0,-7,0,-7,0,0,0,-7,0,0,0,0,0,0,0,0,0,0,0,0,-1,6,0,0,0,0,0,0,7,0,-6,0,7,0,7,0,7,2,0,0,0,0,0,1,0,0,0,0,0,0,0,0,0,0,0,0,0,3,4,5,4,3,2,1
0,0,-3,-4,0,-4,-3,-1,0,0,0,0,0,0,-5,0,0,0,0,0,-2,0,0,-6,0,0,0,-7,0,-7,0,0,0,-7,0,0,0,0,0,0,0,0,0,0,0,0,-1,6,0,0,0,0,0,0,7,0,-6,0,7,0,7,0,7,2,0,0,0,0,0,1,0,0,0,0,0,0,0,0,0,0,0,0,0,3,4,5,4,3,2,1,|,5,2,6,2,|,-147.97499999999854,|,0,0,-3,-4,0,-4,-3,-1,0,0,0,0,0,0,-5,0,0,0,0,0,-2,0,0,0,-6,0,0,-7,0,-7,0,0,0,-7,0,0,0,0,0,0,0,0,0,0,0,0,-1,0,0,0,6,0,0,0,7,0,-6,0,7,0,7,0,7,2,0,0,0,0,0,1,0,0,0,0,0,0,0,0,0,0,0,0,0,3,4,5,4,3,2,1
0,0,-3,-4,0,-4,-3,-1,0,0,0,0,0,0,-5,0,0,0,0,0,-2,0,0,0,-6,0,0,-7,0,-7,0,0,0,-7,0,0,0,0,0,0,0,0,0,0,0,0,-1,0,0,0,6,0,0,0,7,0,-6,0,7,0,7,0,7,2,0,0,0,0,0,1,0,0,0,0,0,0,0,0,0,0,0,0,0,3,4,5,4,3,2,1,|,6,2,6,6,|,-694.25,|,0,0,-3,-4,0,-4,-3,-1,0,0,0,0,0,0,-5,0,0,0,0,0,-2,0,0,0,0,0,0,-7,0,-7,0,0,0,-7,0,0,0,0,0,0,0,0,0,0,0,0,-1,0,0,0,6,0,0,0,7,0,-6,0,7,0,-6,0,7,2,0,0,0,0,1,0,0,0,0,0,0,0,0,0,0,0,0,0,0,3,4,5,4,3,2,1
0,0,-3,-4,0,-4,-3,-1,0,-1,0,0,0,0,-5,0,0,0,0,0,-2,0,-6,0,0,0,0,-7,0,-7,0,0,0,-7,0,0,0,0,0,0,0,0,0,0,0,0,0,0,0,6,0,0,0,0,7,0,-6,0,7,0,7,0,7,1,0,0,0,0,0,0,0,0,0,0,0,0,0,0,0,0,0,0,2,3,4,5,4,3,2,1,|,4,2,5,2,|,-347.7999999999993,|,0,0,-3,-4,0,-4,-3,-1,0,-1,0,0,0,0,-5,0,0,0,0,0,-2,0,0,-6,0,0,0,-7,0,-7,0,0,0,-7,0,0,0,0,0,0,0,0,0,0,0,0,0,0,0,6,0,0,0,0,7,0,-6,0,7,0,7,0,7,0,0,0,0,0,1,0,0,0,0,0,0,0,0,0,0,0,0,0,2,3,4,5,4,3,2,1
0,-2,-3,-4,0,-4,-3,-1,0,-1,0,0,0,0,-5,0,0,0,0,0,0,0,-6,0,0,0,0,-7,0,-7,0,0,0,-7,0,0,0,0,0,0,0,0,0,0,0,0,0,0,0,6,0,0,0,0,7,0,-6,0,7,0,7,0,7,0,0,0,0,0,0,0,0,0,0,0,0,0,0,0,0,0,0,1,2,3,4,5,4,3,2,1,|,1,0,2,2,|,-409.5499999999993,|,0,0,-3,-4,0,-4,-3,-1,0,-1,0,0,0,0,-5,0,0,0,0,0,-2,0,-6,0,0,0,0,-7,0,-7,0,0,0,-7,0,0,0,0,0,0,0,0,0,0,0,0,0,0,0,6,0,0,0,0,7,0,-6,0,7,0,7,0,7,1,0,0,0,0,0,0,0,0,0,0,0,0,0,0,0,0,0,0,2,3,4,5,4,3,2,1
0,0,-3,-4,0,-4,-3,0,0,0,0,0,0,0,-5,0,0,0,0,0,-2,0,0,0,0,0,0,-7,0,-7,0,0,0,-7,0,0,0,0,0,0,0,0,0,0,0,0,-1,0,0,0,6,0,0,0,7,0,-6,0,7,0,-6,-1,7,2,0,0,0,0,0,0,1,0,0,0,0,0,0,0,0,0,0,0,0,3,4,5,4,3,2,1,|,5,0,4,1,|,-549.25,|,0,0,-3,-4,0,0,-3,0,0,0,0,0,0,-4,-5,0,0,0,0,0,-2,0,0,0,0,0,0,-7,0,-7,0,0,0,-7,0,0,0,0,0,0,0,0,0,0,0,0,-1,0,0,0,6,0,0,0,7,0,2,0,7,0,-6,-1,7,0,0,0,0,0,0,0,1,0,0,0,0,0,0,0,0,0,0,0,0,3,4,5,4,3,2,1
0,0,-3,-4,0,-4,-3,-1,0,0,0,0,0,0,-5,0,0,0,0,0,-2,0,0,0,0,0,0,-7,0,-7,0,0,0,-7,0,0,0,0,0,0,0,0,0,0,0,0,-1,0,0,0,6,0,0,0,7,0,-6,0,7,0,-6,0,7,2,0,0,0,0,1,0,0,0,0,0,0,0,0,0,0,0,0,0,0,3,4,5,4,3,2,1,|,7,0,7,6,|,-64.29999999999927,|,0,0,-3,-4,0,-4,-3,0,0,0,0,0,0,0,-5,0,0,0,0,0,-2,0,0,0,0,0,0,-7,0,-7,0,0,0,-7,0,0,0,0,0,0,0,0,0,0,0,0,-1,0,0,0,6,0,0,0,7,0,-6,0,7,0,-6,-1,7,2,0,0,0,0,0,0,1,0,0,0,0,0,0,0,0,0,0,0,0,3,4,5,4,3,2,1
0,0,-3,-4,0,0,-3,0,0,0,0,0,0,-4,-5,0,0,0,0,0,-2,0,0,0,0,0,0,-7,0,-7,0,0,0,-7,0,0,0,0,0,0,0,0,0,0,0,0,-1,0,0,0,6,0,0,0,7,0,2,0,7,0,-6,-1,7,0,0,0,0,0,0,0,1,0,0,0,0,0,0,0,0,0,0,0,0,3,4,5,4,3,2,1,|,1,5,5,5,|,22.950000000000728,|,0,0,-3,-4,0,0,-3,0,0,0,0,0,0,-4,-5,0,0,0,0,0,-2,0,0,0,0,0,0,-7,0,-7,0,0,0,-7,0,0,0,0,0,0,0,0,0,0,0,0,0,0,0,0,-1,0,0,7,7,0,2,0,7,0,-6,-1,0,0,0,0,0,0,0,0,1,0,0,0,0,0,0,0,0,0,0,0,0,3,4,5,4,3,2,1
0,0,-3,-4,0,0,-3,0,0,0,0,0,0,-4,-5,0,0,0,0,0,-2,0,0,0,0,0,0,-7,0,0,0,0,0,-7,0,0,0,0,-7,0,0,0,0,0,0,0,0,0,0,0,-1,0,0,7,7,0,2,0,7,0,-6,-1,0,0,0,1,0,0,0,0,0,0,0,0,0,0,0,0,0,0,0,0,0,3,4,5,4,3,2,1,|,6,0,8,2,|,112.70000000000073,|,0,0,-3,-4,0,0,0,0,0,0,0,0,0,-4,-5,0,0,0,0,0,-2,0,0,0,0,0,-3,-7,0,0,0,0,0,-7,0,0,0,0,-7,0,0,0,0,0,0,0,0,0,0,0,-1,0,0,7,7,0,2,0,7,0,-6,-1,0,0,0,1,0,0,0,2,0,0,0,0,0,0,0,0,0,0,0,0,0,3,4,5,4,3,0,1
0,0,-3,-4,0,0,0,0,0,0,0,0,0,-4,-5,0,0,0,0,0,-2,0,0,0,0,0,-3,0,0,0,0,0,0,-7,0,0,-7,0,-7,0,0,0,0,0,7,0,0,0,0,0,-1,0,0,0,7,0,2,0,7,0,-6,-1,0,0,0,1,0,0,0,2,0,0,0,0,0,0,0,0,0,0,0,0,0,3,4,5,4,3,0,1,|,2,0,4,2,|,-11.299999999999272,|,0,0,0,-4,0,0,0,0,0,0,0,0,0,-4,-5,0,0,0,0,0,-2,0,-3,0,0,0,-3,0,0,0,0,0,0,-7,0,0,-7,0,-7,0,0,0,0,0,7,0,0,0,0,2,-1,0,0,0,7,0,0,0,7,0,-6,-1,0,0,0,1,0,0,0,2,0,0,0,0,0,0,0,0,0,0,0,0,0,3,4,5,4,3,0,1
0,0,0,-4,0,0,0,0,0,0,0,0,0,-4,-5,0,0,0,0,0,-2,0,-3,0,0,0,-3,0,0,0,0,0,0,-7,0,0,-7,0,-7,0,0,0,0,0,7,0,0,0,0,2,-1,0,0,0,7,0,0,0,7,0,-6,-1,0,0,0,1,0,0,0,2,0,0,0,0,0,0,0,0,0,0,0,0,0,3,4,5,4,3,0,1,|,5,5,1,5,|,-292.125,|,0,0,0,-4,0,0,0,0,0,0,0,0,0,-4,-5,0,0,0,0,0,-2,0,-3,0,0,0,-3,0,0,0,2,0,0,-7,0,0,-7,0,-7,0,0,0,0,0,7,0,-1,0,0,0,0,0,0,0,7,0,0,0,7,0,-6,-1,0,0,0,1,0,0,0,2,0,0,0,0,0,0,0,0,0,0,0,0,0,3,4,5,4,3,0,1
0,0,-3,-4,0,-4,-3,-1,0,0,-1,0,0,0,-5,0,0,0,0,0,-2,0,0,-6,0,0,0,-7,0,-7,0,0,0,-7,0,0,0,0,0,0,0,0,0,0,0,0,0,0,0,6,0,0,0,0,7,0,-6,0,7,0,7,0,7,0,0,1,0,0,0,0,0,0,0,0,0,0,0,0,0,0,0,0,2,3,4,5,4,3,2,1,|,1,1,1,0,|,-147.92499999999927,|,0,-1,-3,-4,0,-4,-3,-1,0,0,0,0,0,0,-5,0,0,0,0,0,-2,0,0,-6,0,0,0,-7,0,-7,0,0,0,-7,0,0,0,0,0,0,0,0,0,0,0,0,0,0,0,6,0,0,0,0,7,0,-6,0,7,0,7,0,7,0,0,0,0,0,0,1,0,0,0,0,0,0,0,0,0,0,0,0,2,3,4,5,4,3,2,1
0,0,-3,-4,0,0,0,0,0,0,0,0,0,-4,-5,0,0,0,0,0,-2,0,0,0,0,0,-3,-7,0,0,0,0,0,-7,0,0,0,0,-7,0,0,0,0,0,0,0,0,0,0,0,-1,0,0,7,7,0,2,0,7,0,-6,-1,0,0,0,1,0,0,0,2,0,0,0,0,0,0,0,0,0,0,0,0,0,3,4,5,4,3,0,1,|,0,3,0,4,|,19,|,0,0,-3,-4,0,0,0,0,0,0,0,0,0,-4,-5,0,0,0,0,0,-2,0,0,0,0,0,-3,0,0,0,0,0,0,-7,0,0,-7,0,-7,0,0,0,0,0,7,0,0,0,0,0,-1,0,0,0,7,0,2,0,7,0,-6,-1,0,0,0,1,0,0,0,2,0,0,0,0,0,0,0,0,0,0,0,0,0,3,4,5,4,3,0,1
0,0,-3,-4,0,0,-3,0,0,0,0,0,0,-4,-5,0,0,0,0,0,-2,0,0,0,0,0,0,-7,0,-7,0,0,0,-7,0,0,0,0,0,0,0,0,0,0,0,0,0,0,0,0,-1,0,0,7,7,0,2,0,7,0,-6,-1,0,0,0,0,0,0,0,0,1,0,0,0,0,0,0,0,0,0,0,0,0,3,4,5,4,3,2,1,|,2,3,2,4,|,255.95000000000073,|,0,0,-3,-4,0,0,-3,0,0,0,0,0,0,-4,-5,0,0,0,0,0,-2,0,0,0,0,0,0,-7,0,0,0,0,0,-7,0,0,0,0,-7,0,0,0,0,0,0,0,0,0,0,0,-1,0,0,7,7,0,2,0,7,0,-6,-1,0,0,0,1,0,0,0,0,0,0,0,0,0,0,0,0,0,0,0,0,0,3,4,5,4,3,2,1
-1,-2,-3,-4,-5,-4,-3,-2,-1,0,0,0,0,0,0,0,0,0,0,-6,0,0,0,0,0,-6,0,-7,0,-7,0,-7,0,-7,0,-7,0,0,0,0,0,0,0,0,0,0,0,0,0,0,0,0,0,0,7,0,7,0,7,0,7,0,7,0,6,0,0,0,0,0,6,0,0,0,0,0,0,0,0,0,0,1,2,3,4,5,4,3,2,1,|,1,2,2,2,|,4.875,|,-1,-2,-3,-4,-5,-4,-3,-2,-1,0,0,0,0,0,0,0,0,0,0,0,-6,0,0,0,0,-6,0,-7,0,-7,0,-7,0,-7,0,-7,0,0,0,0,0,0,0,0,0,7,0,0,0,0,0,0,0,0,0,0,7,0,7,0,7,0,7,0,6,0,0,0,0,0,6,0,0,0,0,0,0,0,0,0,0,1,2,3,4,5,4,3,2,1
-1,-2,-3,-4,-5,-4,-3,-2,-1,0,0,0,0,0,0,0,0,0,0,0,-6,0,0,0,0,-6,0,-7,0,-7,0,-7,0,-7,0,-7,0,0,0,0,0,0,0,0,0,7,0,0,0,0,0,0,0,0,0,0,7,0,7,0,7,0,7,0,6,0,0,0,0,0,6,0,0,0,0,0,0,0,0,0,0,1,2,3,4,5,4,3,2,1,|,2,2,0,2,|,-165,|,-1,-2,-3,-4,-5,-4,-3,-2,-1,0,0,0,0,0,0,0,0,0,-6,0,0,0,0,0,0,-6,0,-7,0,-7,0,-7,0,-7,0,-7,0,0,0,0,0,0,0,0,0,7,0,0,0,0,0,0,0,0,0,0,7,0,7,0,7,0,7,0,0,6,0,0,0,0,6,0,0,0,0,0,0,0,0,0,0,1,2,3,4,5,4,3,2,1
-1,-2,-3,-4,-5,-4,-3,-2,-1,0,0,0,0,0,0,0,0,0,-6,0,0,0,0,0,0,-6,0,-7,0,-7,0,-7,0,-7,0,-7,0,0,0,0,0,0,0,0,0,7,0,0,0,0,0,0,0,0,0,0,7,0,7,0,7,0,7,0,0,6,0,0,0,0,6,0,0,0,0,0,0,0,0,0,0,1,2,3,4,5,4,3,2,1,|,0,2,0,1,|,-146,|,-1,-2,-3,-4,-5,-4,-3,-2,-1,-6,0,0,0,0,0,0,0,0,0,0,0,0,0,0,0,-6,0,-7,0,-7,0,-7,0,-7,0,-7,0,0,0,0,0,0,0,0,0,7,0,0,0,0,0,0,0,7,0,0,7,0,7,0,7,0,0,0,0,6,0,0,0,0,6,0,0,0,0,0,0,0,0,0,0,1,2,3,4,5,4,3,2,1
-1,-2,-3,-4,-5,-4,-3,-2,-1,-6,0,0,0,0,0,0,0,0,0,0,0,0,0,0,0,-6,0,-7,0,-7,0,-7,0,-7,0,-7,0,0,0,0,0,0,0,0,0,7,0,0,0,0,0,0,0,7,0,0,7,0,7,0,7,0,0,0,0,6,0,0,0,0,6,0,0,0,0,0,0,0,0,0,0,1,2,3,4,5,4,3,2,1,|,7,0,8,2,|,-154.125,|,-1,-2,-3,-4,-5,-4,-3,0,-1,-6,0,0,0,0,0,0,0,0,0,0,0,0,0,0,0,-6,-2,-7,0,-7,0,-7,0,-7,0,-7,0,0,0,0,0,0,0,0,0,7,0,0,0,0,0,0,0,7,0,0,7,0,7,0,7,0,0,0,0,0,0,0,0,0,6,0,0,0,6,0,0,0,0,0,0,1,2,3,4,5,4,3,2,1
-1,-2,-3,-4,-5,-4,-3,0,-1,-6,0,0,0,0,0,0,0,0,0,0,0,0,0,0,0,-6,-2,-7,0,-7,0,-7,0,-7,0,-7,0,0,0,0,0,0,0,0,0,7,0,0,0,0,0,0,0,7,0,0,7,0,7,0,7,0,0,0,0,0,0,0,0,0,6,0,0,0,6,0,0,0,0,0,0,1,2,3,4,5,4,3,2,1,|,4,0,4,1,|,-122.70000000000073,|,-1,-2,-3,-4,0,-4,-3,0,-1,-6,0,0,0,-5,0,0,0,0,0,0,0,0,0,0,0,-6,-2,-7,0,-7,0,-7,0,-7,0,-7,7,0,0,0,0,0,0,0,0,0,0,0,0,0,0,0,0,7,0,0,7,0,7,0,7,0,0,0,0,0,0,0,0,0,6,0,0,0,6,0,0,0,0,0,0,1,2,3,4,5,4,3,2,1
-1,-2,-3,-4,0,-4,-3,0,-1,-6,0,0,0,-5,0,0,0,0,0,0,0,0,0,0,0,-6,-2,-7,0,-7,0,-7,0,-7,0,-7,7,0,0,0,0,0,0,0,0,0,0,0,0,0,0,0,0,7,0,0,7,0,7,0,7,0,0,0,0,0,0,0,0,0,6,0,0,0,6,0,0,0,0,0,0,1,2,3,4,5,4,3,2,1,|,7,2,1,2,|,-189.875,|,-1,-2,-3,-4,0,-4,-3,0,-1,-6,0,0,0,-5,0,0,0,0,0,-6,0,0,0,0,0,0,-2,-7,0,-7,0,-7,0,-7,0,-7,7,0,0,0,0,0,0,0,0,0,0,0,0,0,0,0,0,7,0,0,7,0,7,0,7,0,0,0,0,0,0,0,0,0,6,0,0,0,0,0,0,0,0,6,0,1,2,3,4,5,4,3,2,1
-1,-2,-3,-4,0,-4,-3,0,-1,-6,0,0,0,-5,0,0,0,0,0,-6,0,0,0,0,0,0,-2,-7,0,-7,0,-7,0,-7,0,-7,7,0,0,0,0,0,0,0,0,0,0,0,0,0,0,0,0,7,0,0,7,0,7,0,7,0,0,0,0,0,0,0,0,0,6,0,0,0,0,0,0,0,0,6,0,1,2,3,4,5,4,3,2,1,|,2,0,4,2,|,-322.0750000000007,|,-1,-2,0,-4,0,-4,-3,0,-1,-6,0,0,0,-5,0,0,0,0,0,-6,0,0,-3,0,0,0,-2,-7,0,-7,0,-7,0,-7,0,-7,7,0,0,0,0,0,0,0,0,0,0,0,0,0,0,0,0,7,0,0,7,0,7,0,7,0,0,0,0,0,0,0,0,0,6,0,0,0,0,0,0,0,6,0,0,1,2,3,4,5,4,3,2,1
-1,-2,0,-4,0,-4,-3,0,-1,-6,0,0,0,-5,0,0,0,0,0,-6,0,0,-3,0,0,0,-2,-7,0,-7,0,-7,0,-7,0,-7,7,0,0,0,0,0,0,0,0,0,0,0,0,0,0,0,0,7,0,0,7,0,7,0,7,0,0,0,0,0,0,0,0,0,6,0,0,0,0,0,0,0,6,0,0,1,2,3,4,5,4,3,2,1,|,1,2,1,3,|,-175.57500000000073,|,-1,-2,0,-4,0,-4,-3,0,-1,-6,0,0,0,-5,0,0,0,0,0,0,0,0,-3,0,0,0,-2,-7,-6,-7,0,-7,0,-7,0,-7,7,0,0,0,0,0,0,0,0,0,0,0,0,0,0,0,0,7,0,0,7,0,7,0,7,0,0,0,0,0,0,6,0,0,0,0,0,0,0,0,0,0,6,0,0,1,2,3,4,5,4,3,2,1
-1,-2,0,-4,0,-4,-3,0,-1,-6,0,0,0,-5,0,0,0,0,0,0,0,0,-3,0,0,0,-2,-7,-6,-7,0,-7,0,-7,0,-7,7,0,0,0,0,0,0,0,0,0,0,0,0,0,0,0,0,7,0,0,7,0,7,0,7,0,0,0,0,0,0,6,0,0,0,0,0,0,0,0,0,0,6,0,0,1,2,3,4,5,4,3,2,1,|,1,0,3,1,|,-170.57500000000073,|,-1,0,0,-4,0,-4,-3,0,-1,-6,0,0,-2,-5,0,0,0,0,0,0,0,0,-3,0,0,0,-2,-7,-6,-7,0,-7,0,-7,0,-7,7,0,0,0,0,0,0,0,0,0,0,0,0,0,0,0,0,7,0,0,7,0,7,0,7,0,0,0,0,0,0,6,0,0,0,0,0,0,6,0,0,0,0,0,0,1,2,3,4,5,4,3,2,1
-1,0,0,-4,0,-4,-3,0,-1,-6,0,0,-2,-5,0,0,0,0,0,0,0,0,-3,0,0,0,-2,-7,-6,-7,0,-7,0,-7,0,-7,7,0,0,0,0,0,0,0,0,0,0,0,0,0,0,0,0,7,0,0,7,0,7,0,7,0,0,0,0,0,0,6,0,0,0,0,0,0,6,0,0,0,0,0,0,1,2,3,4,5,4,3,2,1,|,8,3,8,4,|,-97.00000000000182,|,-1,0,0,-4,0,-4,-3,0,-1,-6,0,0,-2,-5,0,0,0,0,0,0,0,0,-3,0,0,0,-2,-7,-6,-7,0,-7,0,-7,0,0,7,0,0,0,0,0,0,0,-7,0,0,0,0,0,0,0,0,0,0,0,7,0,7,0,7,0,0,0,0,0,0,6,0,0,0,0,0,0,6,0,0,0,0,0,0,1,2,3,4,5,4,3,2,1
-1,0,0,-4,0,-4,-3,0,-1,-6,0,0,-2,-5,0,0,0,0,0,0,0,0,-3,0,0,0,-2,-7,-6,-7,0,-7,0,-7,0,0,7,0,0,0,0,0,0,0,-7,0,0,0,0,0,0,0,0,0,0,0,7,0,7,0,7,0,0,0,0,0,0,6,0,0,0,0,0,0,6,0,0,0,0,0,0,1,2,3,4,5,4,3,2,1,|,8,0,7,0,|,11.874999999998181,|,-1,0,0,-4,0,-4,-3,-1,0,-6,0,0,-2,-5,0,0,0,0,0,0,0,0,-3,0,0,0,-2,-7,-6,-7,0,-7,0,-7,0,0,7,0,0,0,0,0,0,0,-7,0,0,0,0,0,0,0,0,0,0,0,7,0,7,0,7,0,0,0,0,0,0,6,0,0,0,0,0,6,0,0,0,0,0,0,0,1,2,3,4,5,4,3,2,1
-1,0,0,-4,0,-4,-3,-1,0,-6,0,0,-2,-5,0,0,0,0,0,0,0,0,-3,0,0,0,-2,-7,-6,-7,0,-7,0,-7,0,0,7,0,0,0,0,0,0,0,-7,0,0,0,0,0,0,0,0,0,0,0,7,0,7,0,7,0,0,0,0,0,0,6,0,0,0,0,0,6,0,0,0,0,0,0,0,1,2,3,4,5,4,3,2,1,|,7,0,7,4,|,91.47499999999854,|,-1,0,0,-4,0,-4,-3,0,0,-6,0,0,-2,-5,0,0,0,0,0,0,0,0,-3,0,0,0,-2,-7,-6,-7,0,-7,0,-7,0,0,7,0,0,0,0,0,0,-1,-7,0,0,0,0,0,0,0,0,0,0,0,7,0,7,0,7,0,0,0,0,0,0,6,0,0,0,0,0,0,6,0,0,0,0,0,0,1,2,3,4,5,4,3,2,1
-1,0,0,-4,0,-4,-3,0,0,-6,0,0,-2,-5,0,0,0,0,0,0,0,0,-3,0,0,0,-2,-7,-6,-7,0,-7,0,-7,0,0,7,0,0,0,0,0,0,-1,-7,0,0,0,0,0,0,0,0,0,0,0,7,0,7,0,7,0,0,0,0,0,0,6,0,0,0,0,0,0,6,0,0,0,0,0,0,1,2,3,4,5,4,3,2,1,|,0,1,0,2,|,85.47499999999854,|,-1,0,0,-4,0,-4,-3,0,0,0,0,0,-2,-5,0,0,0,0,-6,0,0,0,-3,0,0,0,-2,-7,-6,-7,0,-7,0,-7,0,0,7,0,0,0,0,0,0,-1,-7,0,0,0,0,7,0,0,0,0,0,0,7,0,0,0,7,0,0,0,0,0,0,6,0,0,0,0,0,0,6,0,0,0,0,0,0,1,2,3,4,5,4,3,2,1
-1,0,0,-4,0,-4,-3,0,0,0,0,0,-2,-5,0,0,0,0,-6,0,0,0,-3,0,0,0,-2,-7,-6,-7,0,-7,0,-7,0,0,7,0,0,0,0,0,0,-1,-7,0,0,0,0,7,0,0,0,0,0,0,7,0,0,0,7,0,0,0,0,0,0,6,0,0,0,0,0,0,6,0,0,0,0,0,0,1,2,3,4,5,4,3,2,1,|,1,3,1,2,|,48.87499999999818,|,-1,0,0,-4,0,-4,-3,0,0,0,0,0,-2,-5,0,0,0,0,-6,-6,0,0,-3,0,0,0,-2,-7,0,-7,0,-7,0,-7,0,0,7,0,0,0,0,0,0,-1,-7,0,0,0,0,7,0,0,0,0,0,0,7,0,0,0,7,0,0,0,0,0,0,0,0,0,0,6,0,0,6,0,0,0,0,0,0,1,2,3,4,5,4,3,2,1
-1,0,0,-4,0,-4,-3,0,0,0,0,0,-2,-5,0,0,0,0,-6,-6,0,0,-3,0,0,0,-2,-7,0,-7,0,-7,0,-7,0,0,7,0,0,0,0,0,0,-1,-7,0,0,0,0,7,0,0,0,0,0,0,7,0,0,0,7,0,0,0,0,0,0,0,0,0,0,6,0,0,6,0,0,0,0,0,0,1,2,3,4,5,4,3,2,1,|,0,3,0,4,|,292.0499999999993,|,-1,0,0,-4,0,-4,-3,0,0,0,0,0,-2,-5,0,0,0,0,-6,-6,0,0,-3,0,0,0,-2,0,0,-7,0,-7,0,-7,0,0,-7,0,0,0,0,0,0,-1,-7,0,0,7,0,7,0,0,0,0,0,0,0,0,0,0,7,0,0,0,0,0,0,0,0,0,0,6,0,0,6,0,0,0,0,0,0,1,2,3,4,5,4,3,2,1
-1,0,0,-4,0,-4,-3,0,0,0,0,0,-2,-5,0,0,0,0,-6,-6,0,0,-3,0,0,0,-2,0,0,-7,0,-7,0,-7,0,0,-7,0,0,0,0,0,0,-1,-7,0,0,7,0,7,0,0,0,0,0,0,0,0,0,0,7,0,0,0,0,0,0,0,0,0,0,6,0,0,6,0,0,0,0,0,0,1,2,3,4,5,4,3,2,1,|,0,2,0,9,|,707.0499999999993,|,-1,0,0,-4,0,-4,-3,0,0,0,0,0,-2,-5,0,0,0,0,0,-6,0,0,-3,0,0,0,-2,0,0,-7,0,-7,0,-7,0,0,-7,0,0,0,0,0,0,-1,-7,0,0,7,0,7,0,0,0,0,0,0,0,0,0,0,7,0,0,0,0,0,0,0,0,0,0,6,0,0,0,0,0,0,0,0,6,-6,2,3,4,5,4,3,2,1
-1,0,0,-4,0,-4,-3,0,0,0,0,0,-2,-5,0,0,0,0,0,-6,0,0,-3,0,0,0,-2,0,0,-7,0,-7,0,-7,0,0,-7,0,0,0,0,0,0,-1,-7,0,0,7,0,7,0,0,0,0,0,0,0,0,0,0,7,0,0,0,0,0,0,0,0,0,0,6,0,0,0,0,0,0,0,0,6,-6,2,3,4,5,4,3,2,1,|,2,3,2,4,|,848.75,|,-1,0,0,-4,0,-4,-3,0,0,0,0,0,-2,-5,0,0,0,0,0,-6,0,0,-3,0,0,0,-2,0,0,0,0,-7,0,-7,0,0,-7,0,-7,0,0,0,0,-1,-7,0,0,0,0,7,0,0,0,0,0,0,0,0,0,0,7,0,0,0,0,0,0,0,0,0,0,6,0,0,0,0,0,0,0,0,6,-6,2,3,4,5,4,3,2,1
-1,0,0,-4,0,-4,-3,0,0,0,0,0,-2,-5,0,0,0,0,0,-6,0,0,-3,0,0,0,-2,0,0,0,0,-7,0,-7,0,0,-7,0,-7,0,0,0,0,-1,-7,0,0,0,0,7,0,0,0,0,0,0,0,0,0,0,7,0,0,0,0,0,0,0,0,0,0,6,0,0,0,0,0,0,0,0,6,-6,2,3,4,5,4,3,2,1,|,0,0,1,0,|,876,|,0,-1,0,-4,0,-4,-3,0,0,0,0,0,-2,-5,0,0,0,0,0,-6,0,0,-3,0,0,0,-2,0,0,0,0,-7,0,-7,0,0,-7,0,-7,0,0,0,0,-1,-7,0,0,0,0,7,0,0,0,0,0,0,0,0,0,0,7,0,0,0,0,0,0,3,0,0,0,6,0,0,0,0,0,0,0,0,6,-6,2,0,4,5,4,3,2,1
0,-1,0,-4,0,-4,-3,0,0,0,0,0,-2,-5,0,0,0,0,0,-6,0,0,-3,0,0,0,-2,0,0,0,0,-7,0,-7,0,0,-7,0,-7,0,0,0,0,-1,-7,0,0,0,0,7,0,0,0,0,0,0,0,0,0,0,7,0,0,0,0,0,0,3,0,0,0,6,0,0,0,0,0,0,0,0,6,-6,2,0,4,5,4,3,2,1,|,8,2,6,1,|,983.4249999999993,|,0,-1,0,-4,0,-4,-3,0,0,0,0,0,-2,-5,0,-2,0,0,0,-6,0,0,-3,0,0,0,0,0,0,0,0,-7,0,-7,0,0,-7,0,-7,0,7,0,0,-1,-7,0,0,0,0,0,0,0,0,0,0,0,0,0,0,0,7,0,0,0,0,0,0,3,0,0,0,6,0,0,0,0,0,0,0,0,6,-6,2,0,4,5,4,3,2,1
0,-1,0,-4,0,-4,-3,0,0,0,0,0,-2,-5,0,-2,0,0,0,-6,0,0,-3,0,0,0,0,0,0,0,0,-7,0,-7,0,0,-7,0,-7,0,7,0,0,-1,-7,0,0,0,0,0,0,0,0,0,0,0,0,0,0,0,7,0,0,0,0,0,0,3,0,0,0,6,0,0,0,0,0,0,0,0,6,-6,2,0,4,5,4,3,2,1,|,7,4,4,4,|,1031.7999999999993,|,0,-1,0,-4,0,-4,-3,0,0,0,0,0,-2,-5,0,-2,0,0,0,-6,0,0,-3,0,0,0,0,0,0,0,0,-7,0,-7,0,0,-7,0,-7,0,-1,0,0,0,-7,0,0,0,0,0,0,0,0,0,0,0,0,0,0,0,7,0,0,0,0,0,0,3,0,0,0,6,0,0,0,0,0,6,0,0,0,-6,2,0,4,5,4,3,2,1
0,-1,0,-4,0,-4,-3,0,0,0,0,0,-2,-5,0,-2,0,0,0,-6,0,0,-3,0,0,0,0,0,0,0,0,-7,0,-7,0,0,-7,0,-7,0,-1,0,0,0,-7,0,0,0,0,0,0,0,0,0,0,0,0,0,0,0,7,0,0,0,0,0,0,3,0,0,0,6,0,0,0,0,0,6,0,0,0,-6,2,0,4,5,4,3,2,1,|,1,2,1,7,|,893.7999999999993,|,0,-1,0,-4,0,-4,-3,0,0,0,0,0,-2,-5,0,-2,0,0,0,0,0,0,-3,0,0,0,0,0,0,0,0,-7,0,-7,0,0,-7,0,-7,0,-1,0,0,0,-7,0,0,0,0,0,0,0,0,0,0,0,0,0,0,0,7,0,0,0,-6,0,0,3,0,6,0,0,0,0,0,0,0,6,0,0,0,-6,2,0,4,5,4,3,2,1
0,-1,0,-4,0,-4,-3,0,0,0,0,0,-2,-5,0,-2,0,0,0,0,0,0,-3,0,0,0,0,0,0,0,0,-7,0,-7,0,0,-7,0,-7,0,-1,0,0,0,-7,0,0,0,0,0,0,0,0,0,0,0,0,0,0,0,7,0,0,0,-6,0,0,3,0,6,0,0,0,0,0,0,0,6,0,0,0,-6,2,0,4,5,4,3,2,1,|,4,4,6,4,|,863.25,|,0,-1,0,-4,0,-4,-3,0,0,0,0,0,-2,-5,0,-2,0,0,0,0,0,0,-3,0,0,0,0,0,0,0,0,-7,0,6,0,0,-7,0,-7,0,0,0,-1,0,-7,0,0,0,0,0,0,0,0,0,0,0,0,0,0,0,7,0,0,0,-6,0,0,3,0,0,0,0,0,0,0,0,0,6,0,0,0,-6,2,0,4,5,4,3,2,1
0,-1,0,-4,0,-4,-3,0,0,0,0,0,-2,-5,0,-2,0,0,0,0,0,0,-3,0,0,0,0,0,0,0,0,-7,0,6,0,0,-7,0,-7,0,0,0,-1,0,-7,0,0,0,0,0,0,0,0,0,0,0,0,0,0,0,7,0,0,0,-6,0,0,3,0,0,0,0,0,0,0,0,0,6,0,0,0,-6,2,0,4,5,4,3,2,1,|,6,4,5,4,|,1115.7999999999993,|,0,-1,0,-4,0,-4,-3,0,0,0,0,0,-2,-5,0,-2,0,0,0,0,0,0,-3,0,0,0,0,0,0,0,0,-7,6,0,0,0,-7,0,-7,0,0,-1,0,0,-7,0,0,0,0,0,0,0,0,0,0,0,0,0,0,0,7,0,0,0,-6,0,0,3,0,0,0,0,0,0,0,0,0,6,0,0,0,-6,2,0,4,5,4,3,2,1
0,-1,0,-4,0,-4,-3,0,0,0,0,0,-2,-5,0,-2,0,0,0,0,0,0,-3,0,0,0,0,0,0,0,0,-7,6,0,0,0,-7,0,-7,0,0,-1,0,0,-7,0,0,0,0,0,0,0,0,0,0,0,0,0,0,0,7,0,0,0,-6,0,0,3,0,0,0,0,0,0,0,0,0,6,0,0,0,-6,2,0,4,5,4,3,2,1,|,5,4,4,4,|,552.6749999999993,|,0,-1,0,-4,0,-4,-3,0,0,0,0,0,-2,-5,0,-2,0,0,0,0,0,0,-3,0,0,0,0,0,0,0,0,-7,6,0,0,0,-7,0,-7,0,-1,0,0,0,-7,0,0,0,0,0,0,0,0,0,0,0,0,0,0,0,7,0,0,0,-6,0,0,3,0,0,0,0,0,0,0,0,0,6,0,0,1,-6,2,0,4,5,4,3,2,0
0,-1,0,-4,0,-4,-3,0,0,0,0,0,-2,-5,0,-2,0,0,0,0,0,0,-3,0,0,0,0,0,0,0,0,-7,6,0,0,0,-7,0,-7,0,-1,0,0,0,-7,0,0,0,0,0,0,0,0,0,0,0,0,0,0,0,7,0,0,0,-6,0,0,3,0,0,0,0,0,0,0,0,0,6,0,0,1,-6,2,0,4,5,4,3,2,0,|,4,4,6,4,|,474.5,|,0,-1,0,-4,0,-4,-3,0,0,0,0,0,-2,-5,0,-2,0,0,0,0,0,0,-3,0,0,0,0,0,0,0,0,-7,0,0,0,0,-7,0,-7,0,0,0,-1,0,-7,0,0,0,0,0,6,0,0,0,0,0,0,0,0,0,7,0,0,0,-6,0,0,3,0,0,0,0,0,0,0,0,0,6,0,0,1,-6,2,0,4,5,4,3,2,0
0,-1,0,-4,0,-4,-3,0,0,0,0,0,-2,-5,0,-2,0,0,0,0,0,0,-3,0,0,0,0,0,0,0,0,-7,0,0,0,0,-7,0,-7,0,0,0,-1,0,-7,0,0,0,0,0,6,0,0,0,0,0,0,0,0,0,7,0,0,0,-6,0,0,3,0,0,0,0,0,0,0,0,0,6,0,0,1,-6,2,0,4,5,4,3,2,0,|,1,0,1,5,|,972.625,|,0,0,0,-4,0,-4,-3,0,0,0,0,0,-2,-5,0,-2,0,0,0,0,0,0,-3,0,0,0,0,0,0,0,0,-7,0,0,0,0,-7,0,-7,0,0,0,-1,0,-7,0,-1,0,0,0,6,0,0,0,0,0,0,0,0,0,7,0,0,0,-6,0,0,3,0,0,0,0,0,0,6,0,0,0,0,0,1,-6,2,0,4,5,4,3,2,0
0,0,0,-4,0,-4,-3,0,0,0,0,0,-2,-5,0,-2,0,0,0,0,0,0,-3,0,0,0,0,0,0,0,0,-7,0,0,0,0,-7,0,-7,0,0,0,-1,0,-7,0,-1,0,0,0,6,0,0,0,0,0,0,0,0,0,7,0,0,0,-6,0,0,3,0,0,0,0,0,0,6,0,0,0,0,0,1,-6,2,0,4,5,4,3,2,0,|,4,1,4,0,|,797.75,|,0,0,0,-4,-5,-4,-3,0,0,0,0,0,-2,0,0,-2,0,0,0,0,0,0,-3,0,0,0,0,0,0,0,0,-7,0,0,0,0,-7,0,-7,0,0,0,-1,0,-7,0,-1,0,0,0,0,6,0,0,0,0,0,0,0,0,7,0,0,0,-6,0,0,3,0,0,0,0,0,0,6,0,0,0,0,0,1,-6,2,0,4,5,4,3,2,0
0,0,0,-4,-5,-4,-3,0,0,0,0,0,-2,0,0,-2,0,0,0,0,0,0,-3,0,0,0,0,0,0,0,0,-7,0,0,0,0,-7,0,-7,0,0,0,-1,0,-7,0,-1,0,0,0,0,6,0,0,0,0,0,0,0,0,7,0,0,0,-6,0,0,3,0,0,0,0,0,0,6,0,0,0,0,0,1,-6,2,0,4,5,4,3,2,0,|,6,4,6,1,|,821.2999999999993,|,0,0,0,-4,-5,-4,-3,0,0,0,0,0,-2,0,0,-1,0,0,0,0,0,0,-3,0,0,0,0,0,0,0,0,-7,0,0,0,0,-7,0,-7,0,0,0,0,0,-7,0,-1,0,0,0,0,0,0,0,0,0,0,0,0,0,7,0,0,0,-6,0,0,3,0,0,0,0,0,0,6,0,0,0,0,0,1,-6,2,0,4,5,4,3,2,0
0,0,0,-4,-5,-4,-3,0,0,0,0,0,-2,0,0,-1,0,0,0,0,0,0,-3,0,0,0,0,0,0,0,0,-7,0,0,0,0,-7,0,-7,0,0,0,0,0,-7,0,-1,0,0,0,0,0,0,0,0,0,0,0,0,0,7,0,0,0,-6,0,0,3,0,0,0,0,0,0,6,0,0,0,0,0,1,-6,2,0,4,5,4,3,2,0,|,0,9,2,9,|,1167.5499999999993,|,0,0,0,-4,-5,-4,-3,0,0,0,0,0,-2,0,0,-1,0,0,0,0,0,0,-3,0,0,0,0,0,0,0,0,-7,0,0,0,0,-7,0,-7,0,0,0,0,0,-7,0,-1,0,0,0,0,0,0,0,0,0,0,0,0,0,7,0,0,0,-6,0,0,3,0,0,0,0,0,0,0,0,0,0,0,0,1,0,2,-6,4,5,4,3,2,0
0,0,0,-4,-5,-4,-3,0,0,0,0,0,-2,0,0,-1,0,0,0,0,0,0,-3,0,0,0,0,0,0,0,0,-7,0,0,0,0,-7,0,-7,0,0,0,0,0,-7,0,-1,0,0,0,0,0,0,0,0,0,0,0,0,0,7,0,0,0,-6,0,0,3,0,0,0,0,0,0,0,0,0,0,0,0,1,0,2,-6,4,5,4,3,2,0,|,1,5,4,5,|,1143.5499999999993,|,0,0,0,-4,-5,-4,-3,0,0,0,0,0,-2,0,0,-1,0,0,0,0,0,0,-3,0,0,0,0,0,0,0,0,-7,0,0,0,0,-7,0,-7,0,0,0,0,0,-7,0,0,0,0,-1,0,0,0,0,0,0,0,0,0,0,7,0,0,0,-6,0,0,0,0,0,0,0,0,0,0,0,0,0,0,0,1,0,2,3,4,5,4,3,2,0
0,0,0,-4,-5,-4,-3,0,0,0,0,0,-2,0,0,-1,0,0,0,0,0,0,-3,0,0,0,0,0,0,0,0,-7,0,0,0,0,-7,0,-7,0,0,0,0,0,-7,0,0,0,0,-1,0,0,0,0,0,0,0,0,0,0,7,0,0,0,-6,0,0,0,0,0,0,0,0,0,0,0,0,0,0,0,1,0,2,3,4,5,4,3,2,0,|,4,5,8,5,|,968.5499999999993,|,0,0,0,-4,-5,-4,-3,0,0,0,0,0,-2,0,0,-1,0,0,0,0,0,0,-3,0,0,0,0,0,0,0,0,-7,0,0,0,0,-7,0,-7,0,0,0,0,0,-7,0,0,0,0,0,0,0,0,-1,0,0,0,0,0,0,7,0,0,0,-6,0,0,0,0,0,0,0,0,0,0,0,1,0,0,0,0,0,2,3,4,5,4,3,2,0
0,0,0,-4,-5,-4,-3,0,0,0,0,0,-2,0,0,-1,0,0,0,0,0,0,-3,0,0,0,0,0,0,0,0,-7,0,0,0,0,-7,0,-7,0,0,0,0,0,-7,0,0,0,0,0,0,0,0,-1,0,0,0,0,0,0,7,0,0,0,-6,0,0,0,0,0,0,0,0,0,0,0,1,0,0,0,0,0,2,3,4,5,4,3,2,0,|,8,5,4,5,|,1166.9500000000007,|,0,0,0,-4,-5,-4,-3,0,0,0,0,0,-2,0,0,-1,0,0,0,0,0,0,-3,0,0,0,0,0,0,0,0,-7,0,0,0,0,-7,0,-7,0,0,0,0,0,-7,0,0,0,0,-1,0,0,0,0,0,0,0,0,0,0,7,0,0,0,-6,0,0,0,0,0,0,0,0,0,0,1,0,0,0,0,0,0,2,3,4,5,4,3,2,0
0,0,0,-4,-5,-4,-3,0,0,0,0,0,-2,0,0,-1,0,0,0,0,0,0,-3,0,0,0,0,0,0,0,0,-7,0,0,0,0,-7,0,-7,0,0,0,0,0,-7,0,0,0,0,-1,0,0,0,0,0,0,0,0,0,0,7,0,0,0,-6,0,0,0,0,0,0,0,0,0,0,1,0,0,0,0,0,0,2,3,4,5,4,3,2,0,|,4,5,4,8,|,1268.75,|,0,0,0,-4,-5,-4,-3,0,0,0,0,0,-2,0,0,-1,0,0,0,0,0,0,-3,0,0,0,0,0,0,0,0,-7,0,0,0,0,-7,0,-7,0,0,0,0,0,-7,0,0,0,0,0,0,0,0,0,0,0,0,0,0,0,7,0,0,0,-6,0,0,0,0,0,0,0,0,0,0,0,-1,0,0,0,0,0,2,3,4,5,4,3,2,0
0,0,0,-4,-5,-4,-3,0,0,0,0,0,-2,0,0,-1,0,0,0,0,0,0,-3,0,0,0,0,0,0,0,0,-7,0,0,0,0,-7,0,-7,0,0,0,0,0,-7,0,0,0,0,0,0,0,0,0,0,0,0,0,0,0,7,0,0,0,-6,0,0,0,0,0,0,0,0,0,0,0,-1,0,0,0,0,0,2,3,4,5,4,3,2,0,|,6,1,6,6,|,1280,|,0,0,0,-4,-5,-4,-3,0,0,0,0,0,-2,0,0,0,0,0,0,0,0,0,-3,0,0,0,0,0,0,0,0,-7,0,0,0,0,-7,0,-7,0,0,0,0,0,-7,0,0,0,0,0,0,0,0,0,0,0,0,0,0,0,-1,0,0,0,-6,0,0,0,0,0,0,0,0,0,0,0,5,0,0,0,0,0,2,3,4,0,4,3,2,0
0,0,0,-4,-5,-4,-3,0,0,0,0,0,-2,0,0,0,0,0,0,0,0,0,-3,0,0,0,0,0,0,0,0,-7,0,0,0,0,-7,0,-7,0,0,0,0,0,-7,0,0,0,0,0,0,0,0,0,0,0,0,0,0,0,-1,0,0,0,-6,0,0,0,0,0,0,0,0,0,0,0,5,0,0,0,0,0,2,3,4,0,4,3,2,0,|,6,0,8,2,|,1190.5,|,0,0,0,-4,-5,-4,0,0,0,0,0,0,-2,0,0,0,0,0,0,0,0,0,-3,0,0,0,-3,0,0,0,0,-7,0,0,0,0,-7,0,-7,0,0,0,0,0,-7,0,0,0,0,0,0,0,0,0,0,0,0,0,0,0,-1,0,0,0,-6,0,0,3,0,0,0,0,0,0,0,0,5,0,0,0,0,0,2,0,4,0,4,3,2,0
0,0,0,-4,-5,-4,0,0,0,0,0,0,-2,0,0,0,0,0,0,0,0,0,-3,0,0,0,-3,0,0,0,0,-7,0,0,0,0,-7,0,-7,0,0,0,0,0,-7,0,0,0,0,0,0,0,0,0,0,0,0,0,0,0,-1,0,0,0,-6,0,0,3,0,0,0,0,0,0,0,0,5,0,0,0,0,0,2,0,4,0,4,3,2,0,|,6,6,5,6,|,1304.75,|,0,0,0,-4,-5,-4,0,0,0,0,0,0,-2,0,0,0,0,0,0,0,0,0,-3,0,0,0,-3,0,0,0,0,-7,0,0,0,0,-7,0,-7,0,0,0,0,0,-7,0,0,0,0,0,0,0,0,0,0,0,0,0,0,-1,0,0,0,0,-6,0,0,3,0,0,0,2,0,0,0,0,5,0,0,0,0,0,2,0,4,0,4,3,0,0
0,0,0,-4,-5,-4,0,0,0,0,0,0,-2,0,0,0,0,0,0,0,0,0,-3,0,0,0,-3,0,0,0,0,-7,0,0,0,0,-7,0,-7,0,0,0,0,0,-7,0,0,0,0,0,0,0,0,0,0,0,0,0,0,-1,0,0,0,0,-6,0,0,3,0,0,0,2,0,0,0,0,5,0,0,0,0,0,2,0,4,0,4,3,0,0,|,5,0,4,1,|,1314.25,|,0,0,0,-4,-5,0,0,0,0,0,0,0,-2,-4,0,0,0,0,0,0,0,0,-3,0,0,0,-3,0,0,0,0,-7,0,0,0,0,-7,0,-7,0,0,0,0,0,-7,0,0,0,0,0,0,0,0,0,0,0,0,0,0,-1,0,0,0,0,-6,0,0,3,0,0,0,2,0,0,0,5,0,0,0,0,0,0,2,0,4,0,4,3,0,0
0,0,0,-4,-5,0,0,0,0,0,0,0,-2,-4,0,0,0,0,0,0,0,0,-3,0,0,0,-3,0,0,0,0,-7,0,0,0,0,-7,0,-7,0,0,0,0,0,-7,0,0,0,0,0,0,0,0,0,0,0,0,0,0,-1,0,0,0,0,-6,0,0,3,0,0,0,2,0,0,0,5,0,0,0,0,0,0,2,0,4,0,4,3,0,0,|,5,6,0,6,|,1082.75,|,0,0,0,-4,-5,0,0,0,0,0,0,0,-2,-4,0,0,0,0,0,0,0,0,-3,0,0,0,-3,0,0,0,0,-7,0,0,0,0,-7,0,-7,0,0,0,0,0,-7,0,0,0,0,0,0,0,0,0,-1,0,0,0,0,0,0,0,0,0,-6,0,0,3,0,0,0,2,0,0,0,5,4,0,0,0,0,0,2,0,0,0,4,3,0,0
0,0,0,-4,-5,0,0,0,0,0,0,0,-2,-4,0,0,0,0,0,0,0,0,-3,0,0,0,-3,0,0,0,0,-7,0,0,0,0,-7,0,-7,0,0,0,0,0,-7,0,0,0,0,0,0,0,0,0,-1,0,0,0,0,0,0,0,0,0,-6,0,0,3,0,0,0,2,0,0,0,5,4,0,0,0,0,0,2,0,0,0,4,3,0,0,|,4,0,5,0,|,884.0499999999993,|,0,0,0,-4,0,-5,0,0,0,0,0,0,-2,-4,0,0,0,0,0,0,0,0,-3,0,0,0,-3,0,0,0,0,-7,0,0,0,0,-7,0,-7,0,0,0,0,0,-7,0,0,0,0,0,0,0,2,0,-1,0,0,0,0,0,0,0,0,0,-6,0,0,3,0,0,0,0,0,0,0,5,4,0,0,0,0,0,2,0,0,0,4,3,0,0

0,-2,-3,-4,-5,-4,-3,-2,-1,-1,0,0,0,0,0,0,0,0,0,0,0,0,0,0,0,-6,0,-7,0,-7,0,-7,0,-7,0,-7,0,0,0,0,0,0,0,0,-6,0,0,0,0,0,0,0,0,0,7,0,7,0,7,0,7,0,7,0,0,6,0,0,0,0,6,0,0,0,0,0,0,0,0,0,0,1,2,3,4,5,4,3,2,1,|,0,1,2,1,|,56.225000000000364,|,0,-2,-3,-4,-5,-4,-3,-2,-1,0,0,-1,0,0,0,0,0,0,0,0,0,0,0,0,0,-6,0,-7,0,-7,0,-7,0,-7,0,-7,0,0,0,0,0,0,0,0,-6,0,0,0,0,0,0,0,0,0,7,0,7,0,7,0,7,0,7,0,0,6,0,0,0,0,6,3,0,0,0,0,0,0,0,0,0,1,2,3,4,5,4,0,2,1

-1,-2,-3,-4,-5,-4,-3,-2,-1,0,0,0,0,0,0,0,0,0,0,0,0,0,0,0,0,-6,0,-7,0,-7,0,-7,0,-7,0,-7,0,0,0,0,0,0,0,0,-6,0,0,0,0,0,0,0,0,0,7,0,7,0,7,0,7,0,7,0,6,0,0,0,0,0,6,0,0,0,0,0,0,0,0,0,0,1,2,3,4,5,4,3,2,1,|,0,0,0,1,|,102.29999999999927,|,0,-2,-3,-4,-5,-4,-3,-2,-1,-1,0,0,0,0,0,0,0,0,0,0,0,0,0,0,0,-6,0,-7,0,-7,0,-7,0,-7,0,-7,0,0,0,0,0,0,0,0,-6,0,0,0,0,0,0,0,0,0,7,0,7,0,7,0,7,0,7,0,0,6,0,0,0,0,6,0,0,0,0,0,0,0,0,0,0,1,2,3,4,5,4,3,2,1

0,-2,-3,-4,-5,-4,-3,-2,-1,0,0,-1,0,0,0,0,0,0,0,0,0,0,0,0,0,0,0,-7,0,-7,0,-7,0,-7,0,-7,0,0,0,0,0,0,0,0,-6,0,0,0,0,0,0,0,-6,0,7,0,7,0,7,0,7,6,7,0,0,6,0,0,0,0,0,3,0,0,0,0,0,0,0,0,0,1,2,3,4,5,4,0,2,1,|,2,1,0,1,|,123.875,|,0,-2,-3,-4,-5,-4,-3,-2,-1,-1,0,0,0,0,0,0,0,0,0,0,0,0,0,0,0,0,0,-7,0,-7,0,-7,0,-7,0,-7,0,0,0,0,0,0,0,0,-6,0,0,0,0,0,0,0,-6,0,7,0,7,0,7,0,7,6,7,6,0,0,0,0,0,0,0,3,0,0,0,0,0,0,0,0,0,1,2,3,4,5,4,0,2,1

-1,-2,-3,-4,-5,-4,-3,-2,-1,0,0,0,0,0,0,0,0,0,0,0,0,0,0,0,-6,0,0,-7,0,-7,0,-7,0,-7,0,-7,0,-6,0,0,0,0,0,0,0,0,0,0,0,0,0,0,0,0,7,0,7,0,7,0,7,0,7,0,6,0,0,0,0,0,6,0,0,0,0,0,0,0,0,0,0,1,2,3,4,0,4,3,2,1,|,6,2,0,2,|,9985.5,|,-1,-2,-3,-4,-5,-4,-3,-2,-1,0,0,0,0,0,0,0,0,0,-6,0,0,0,0,0,0,0,0,-7,0,-7,0,-7,0,-7,0,-7,0,-6,0,0,0,0,0,0,0,0,0,0,0,7,0,0,0,0,7,0,7,0,0,0,7,0,7,0,6,0,0,0,0,0,6,0,0,0,0,0,0,0,0,0,0,1,2,3,4,0,4,3,2,1
-1,-2,-3,-4,-5,-4,-3,-2,-1,0,0,0,0,0,0,0,0,0,-6,0,0,0,0,0,0,0,0,-7,0,-7,0,-7,0,-7,0,-7,0,-6,0,0,0,0,0,0,0,0,0,0,0,7,0,0,0,0,7,0,7,0,0,0,7,0,7,0,6,0,0,0,0,0,6,0,0,0,0,0,0,0,0,0,0,1,2,3,4,0,4,3,2,1,|,8,0,8,1,|,10001.325,|,-1,-2,-3,-4,-5,-4,-3,-2,0,0,0,0,0,0,0,0,0,-1,-6,0,0,0,0,0,0,0,0,-7,0,-7,0,-7,0,-7,0,-7,0,-6,0,0,0,0,0,0,0,0,0,0,0,7,0,0,0,0,7,0,7,0,0,0,7,0,7,0,6,0,0,0,0,0,0,0,0,0,0,0,0,0,0,6,0,1,2,3,4,0,4,3,2,1
-1,-2,-3,-4,-5,-4,-3,-2,0,0,0,0,0,0,0,0,0,-1,-6,0,0,0,0,0,0,0,0,-7,0,-7,0,-7,0,-7,0,-7,0,-6,0,0,0,0,0,0,0,0,0,0,0,7,0,0,0,0,7,0,7,0,0,0,7,0,7,0,6,0,0,0,0,0,0,0,0,0,0,0,0,0,0,6,0,1,2,3,4,0,4,3,2,1,|,8,1,7,1,|,9998.625,|,-1,-2,-3,-4,-5,-4,-3,-2,0,0,0,0,0,0,0,0,-1,0,-6,0,0,0,0,0,0,0,0,-7,0,-7,0,-7,0,-7,0,-7,0,-6,0,0,0,0,0,0,0,0,0,0,0,7,0,0,0,0,7,0,7,0,0,0,7,0,7,0,6,0,0,0,0,0,0,0,0,0,0,0,0,0,6,0,0,1,2,3,4,0,4,3,2,1
-1,-2,-3,-4,-5,-4,-3,-2,0,0,0,0,0,0,0,0,-1,0,-6,0,0,0,0,0,0,0,0,-7,0,-7,0,-7,0,-7,0,-7,0,-6,0,0,0,0,0,0,0,0,0,0,0,7,0,0,0,0,7,0,7,0,0,0,7,0,7,0,6,0,0,0,0,0,0,0,0,0,0,0,0,0,6,0,0,1,2,3,4,0,4,3,2,1,|,0,2,4,2,|,9860.55,|,-1,-2,-3,-4,-5,-4,-3,-2,0,0,0,0,0,0,0,0,-1,0,0,0,0,0,-6,0,0,0,0,-7,0,-7,0,-7,0,-7,0,-7,0,-6,0,0,0,0,0,0,0,0,0,0,0,7,0,0,0,0,7,0,7,0,0,0,7,0,7,0,6,0,0,0,0,0,0,0,0,0,0,0,6,0,0,0,0,1,2,3,4,0,4,3,2,1
-1,-2,-3,-4,-5,-4,-3,-2,0,0,0,0,0,0,0,0,-1,0,0,0,0,0,-6,0,0,0,0,-7,0,-7,0,-7,0,-7,0,-7,0,-6,0,0,0,0,0,0,0,0,0,0,0,7,0,0,0,0,7,0,7,0,0,0,7,0,7,0,6,0,0,0,0,0,0,0,0,0,0,0,6,0,0,0,0,1,2,3,4,0,4,3,2,1,|,4,3,4,4,|,10081.375,|,-1,-2,-3,-4,-5,-4,-3,-2,0,0,0,0,0,0,0,0,-1,0,0,0,0,0,-6,0,0,0,0,-7,0,-7,0,0,0,-7,0,-7,0,-6,0,0,-7,0,0,0,0,0,0,0,0,0,0,0,0,0,7,0,7,0,0,0,7,0,7,0,6,0,0,0,0,0,0,0,0,0,0,0,6,0,0,0,0,1,2,3,4,0,4,3,2,1
-1,-2,-3,-4,-5,-4,-3,-2,0,0,0,0,0,0,0,0,-1,0,0,0,0,0,-6,0,0,0,0,-7,0,-7,0,0,0,-7,0,-7,0,-6,0,0,-7,0,0,0,0,0,0,0,0,0,0,0,0,0,7,0,7,0,0,0,7,0,7,0,6,0,0,0,0,0,0,0,0,0,0,0,6,0,0,0,0,1,2,3,4,0,4,3,2,1,|,2,0,4,2,|,10198.25,|,-1,-2,0,-4,-5,-4,-3,-2,0,0,0,0,0,0,0,0,-1,0,0,0,0,0,-3,0,0,0,0,-7,0,-7,0,0,0,-7,0,-7,0,-6,0,0,-7,0,0,0,0,0,0,0,0,0,0,0,0,0,7,0,7,0,0,0,7,0,7,0,6,0,0,0,0,0,0,0,0,0,0,0,0,0,0,0,0,1,2,3,4,0,4,3,2,1
-1,-2,0,-4,-5,-4,-3,-2,0,0,0,0,0,0,0,0,-1,0,0,0,0,0,-3,0,0,0,0,-7,0,-7,0,0,0,-7,0,-7,0,-6,0,0,-7,0,0,0,0,0,0,0,0,0,0,0,0,0,7,0,7,0,0,0,7,0,7,0,6,0,0,0,0,0,0,0,0,0,0,0,0,0,0,0,0,1,2,3,4,0,4,3,2,1,|,7,1,5,1,|,10214.625,|,-1,-2,0,-4,-5,-4,-3,-2,0,0,0,0,0,0,-1,0,0,0,0,0,0,0,-3,0,0,0,0,-7,0,-7,0,0,0,-7,0,-7,0,-6,0,0,-7,0,0,0,0,0,0,0,0,0,0,0,0,0,7,0,7,0,0,0,7,0,7,0,6,0,0,0,0,2,0,0,0,0,0,0,0,0,0,0,0,1,2,3,4,0,4,3,0,1
-1,-2,0,-4,-5,-4,-3,-2,0,0,0,0,0,0,-1,0,0,0,0,0,0,0,-3,0,0,0,0,-7,0,-7,0,0,0,-7,0,-7,0,-6,0,0,-7,0,0,0,0,0,0,0,0,0,0,0,0,0,7,0,7,0,0,0,7,0,7,0,6,0,0,0,0,2,0,0,0,0,0,0,0,0,0,0,0,1,2,3,4,0,4,3,0,1,|,1,4,1,9,|,10282.75,|,-1,-2,0,-4,-5,-4,-3,-2,0,0,0,0,0,0,-1,0,0,0,0,0,0,0,-3,0,0,0,0,-7,0,-7,0,0,0,-7,0,-7,0,0,0,0,-7,0,0,0,0,7,0,0,0,0,0,0,0,0,0,0,7,0,0,0,7,0,7,0,6,0,0,0,0,2,0,0,0,0,0,0,0,0,0,0,0,1,-6,3,4,0,4,3,0,1
-1,-2,0,-4,-5,-4,-3,-2,0,0,0,0,0,0,-1,0,0,0,0,0,0,0,-3,0,0,0,0,-7,0,-7,0,0,0,-7,0,-7,0,0,0,0,-7,0,0,0,0,7,0,0,0,0,0,0,0,0,0,0,7,0,0,0,7,0,7,0,6,0,0,0,0,2,0,0,0,0,0,0,0,0,0,0,0,1,-6,3,4,0,4,3,0,1,|,1,0,3,1,|,10219.625,|,-1,0,0,-4,-5,-4,-3,-2,0,0,0,0,-2,0,-1,0,0,0,0,0,0,0,-3,0,0,0,0,-7,0,-7,0,0,0,-7,0,-7,0,0,0,0,-7,0,0,0,0,7,0,0,0,0,0,0,0,0,0,0,7,0,0,0,7,0,7,0,0,0,6,0,0,2,0,0,0,0,0,0,0,0,0,0,0,1,-6,3,4,0,4,3,0,1
-1,0,0,-4,-5,-4,-3,-2,0,0,0,0,-2,0,-1,0,0,0,0,0,0,0,-3,0,0,0,0,-7,0,-7,0,0,0,-7,0,-7,0,0,0,0,-7,0,0,0,0,7,0,0,0,0,0,0,0,0,0,0,7,0,0,0,7,0,7,0,0,0,6,0,0,2,0,0,0,0,0,0,0,0,0,0,0,1,-6,3,4,0,4,3,0,1,|,5,1,8,1,|,10035.875,|,-1,0,0,-4,-5,-4,-3,-2,0,0,0,0,-2,0,0,0,0,-1,0,0,0,0,-3,0,0,0,0,-7,0,-7,0,0,0,-7,0,-7,0,0,0,0,-7,0,0,0,0,7,0,0,0,0,0,0,0,0,0,0,7,0,0,0,7,0,7,0,0,0,6,0,0,2,0,0,0,0,0,0,0,0,0,0,0,0,1,3,4,0,4,3,0,1
-1,0,0,-4,-5,-4,-3,-2,0,0,0,0,-2,0,0,0,0,-1,0,0,0,0,-3,0,0,0,0,-7,0,-7,0,0,0,-7,0,-7,0,0,0,0,-7,0,0,0,0,7,0,0,0,0,0,0,0,0,0,0,7,0,0,0,7,0,7,0,0,0,6,0,0,2,0,0,0,0,0,0,0,0,0,0,0,0,1,3,4,0,4,3,0,1,|,4,4,4,5,|,10102.724999999999,|,-1,0,0,-4,-5,-4,-3,-2,0,0,0,0,-2,0,0,0,0,-1,0,0,0,0,-3,0,0,0,0,-7,0,-7,0,0,0,-7,0,-7,0,0,0,0,0,0,0,0,0,7,0,0,0,-7,0,7,0,0,0,0,7,0,0,0,0,0,7,0,0,0,6,0,0,2,0,0,0,0,0,0,0,0,0,0,0,0,1,3,4,0,4,3,0,1
-1,0,0,-4,-5,-4,-3,-2,0,0,0,0,-2,0,0,0,0,-1,0,0,0,0,-3,0,0,0,0,-7,0,-7,0,0,0,-7,0,-7,0,0,0,0,0,0,0,0,0,7,0,0,0,-7,0,7,0,0,0,0,7,0,0,0,0,0,7,0,0,0,6,0,0,2,0,0,0,0,0,0,0,0,0,0,0,0,1,3,4,0,4,3,0,1,|,3,1,5,2,|,9904.875,|,-1,0,0,-4,-5,-4,-3,-2,0,0,0,0,0,0,0,0,0,-1,0,0,0,0,-3,-2,0,0,0,-7,0,-7,0,0,0,-7,0,-7,0,0,0,0,0,0,0,0,0,7,1,0,0,-7,0,7,0,0,0,0,7,0,0,0,0,0,7,0,0,0,6,0,0,2,0,0,0,0,0,0,0,0,0,0,0,0,0,3,4,0,4,3,0,1
-1,0,0,-4,-5,-4,-3,-2,0,0,0,0,0,0,0,0,0,-1,0,0,0,0,-3,-2,0,0,0,-7,0,-7,0,0,0,-7,0,-7,0,0,0,0,0,0,0,0,0,7,1,0,0,-7,0,7,0,0,0,0,7,0,0,0,0,0,7,0,0,0,6,0,0,2,0,0,0,0,0,0,0,0,0,0,0,0,0,3,4,0,4,3,0,1,|,0,0,1,0,|,9756.25,|,0,-1,0,-4,-5,-4,-3,-2,0,0,0,0,0,0,0,0,0,-1,0,0,0,0,-3,-2,0,0,0,-7,0,-7,0,0,0,-7,0,-7,0,0,0,0,0,0,0,0,0,7,0,0,0,1,0,7,0,0,0,0,7,0,0,0,0,0,7,0,0,0,6,0,0,2,0,0,0,0,0,0,0,0,0,0,0,0,0,3,4,0,4,3,0,1
0,-1,0,-4,-5,-4,-3,-2,0,0,0,0,0,0,0,0,0,-1,0,0,0,0,-3,-2,0,0,0,-7,0,-7,0,0,0,-7,0,-7,0,0,0,0,0,0,0,0,0,7,0,0,0,1,0,7,0,0,0,0,7,0,0,0,0,0,7,0,0,0,6,0,0,2,0,0,0,0,0,0,0,0,0,0,0,0,0,3,4,0,4,3,0,1,|,6,0,8,2,|,9860,|,0,-1,0,-4,-5,-4,0,-2,0,0,0,0,0,0,0,0,0,-1,0,0,0,0,-3,-2,0,0,-3,-7,0,-7,0,0,0,-7,0,-7,0,0,0,0,0,0,0,0,0,7,0,0,1,0,0,7,0,0,0,0,7,0,0,0,0,0,7,0,0,0,6,0,0,2,0,0,0,0,0,0,0,0,0,0,0,0,0,3,4,0,4,3,0,1
0,-1,0,-4,-5,-4,0,-2,0,0,0,0,0,0,0,0,0,-1,0,0,0,0,-3,-2,0,0,-3,-7,0,-7,0,0,0,-7,0,-7,0,0,0,0,0,0,0,0,0,7,0,0,1,0,0,7,0,0,0,0,7,0,0,0,0,0,7,0,0,0,6,0,0,2,0,0,0,0,0,0,0,0,0,0,0,0,0,3,4,0,4,3,0,1,|,8,1,5,1,|,9803.474999999999,|,0,-1,0,-4,-5,-4,0,-2,0,0,0,0,0,0,-1,0,0,0,0,0,0,0,-3,-2,0,0,-3,-7,0,-7,0,0,0,-7,0,-7,0,0,0,0,0,0,0,0,0,7,0,0,0,0,1,7,0,0,0,0,7,0,0,0,0,0,7,0,0,0,6,0,0,2,0,0,0,0,0,0,0,0,0,0,0,0,0,3,4,0,4,3,0,1
0,-1,0,-4,-5,-4,0,-2,0,0,0,0,0,0,-1,0,0,0,0,0,0,0,-3,-2,0,0,-3,-7,0,-7,0,0,0,-7,0,-7,0,0,0,0,0,0,0,0,0,7,0,0,0,0,1,7,0,0,0,0,7,0,0,0,0,0,7,0,0,0,6,0,0,2,0,0,0,0,0,0,0,0,0,0,0,0,0,3,4,0,4,3,0,1,|,1,0,1,7,|,9892.849999999999,|,0,0,0,-4,-5,-4,0,-2,0,0,0,0,0,0,-1,0,0,0,0,0,0,0,-3,-2,0,0,-3,-7,0,-7,0,0,1,-7,0,-7,0,0,0,0,0,0,0,0,0,7,0,0,0,0,0,7,0,0,0,0,7,0,0,0,0,0,7,0,-1,0,6,0,0,2,0,0,0,0,0,0,0,0,0,0,0,0,0,3,4,0,4,3,0,1
0,0,0,-4,-5,-4,0,-2,0,0,0,0,0,0,-1,0,0,0,0,0,0,0,-3,-2,0,0,-3,-7,0,-7,0,0,1,-7,0,-7,0,0,0,0,0,0,0,0,0,7,0,0,0,0,0,7,0,0,0,0,7,0,0,0,0,0,7,0,-1,0,6,0,0,2,0,0,0,0,0,0,0,0,0,0,0,0,0,3,4,0,4,3,0,1,|,4,2,2,4,|,9810.025,|,0,0,0,-4,-5,-4,0,-2,0,0,0,0,0,0,-1,0,0,0,0,0,0,0,0,-2,0,0,-3,-7,0,-7,0,0,1,-7,0,-7,0,0,-3,0,0,0,0,0,0,7,0,0,6,0,0,7,0,0,0,0,7,0,0,0,0,0,7,0,-1,0,0,0,0,2,0,0,0,0,0,0,0,0,0,0,0,0,0,3,4,0,4,3,0,1
0,0,0,-4,-5,-4,0,-2,0,0,0,0,0,0,-1,0,0,0,0,0,0,0,0,-2,0,0,-3,-7,0,-7,0,0,1,-7,0,-7,0,0,-3,0,0,0,0,0,0,7,0,0,6,0,0,7,0,0,0,0,7,0,0,0,0,0,7,0,-1,0,0,0,0,2,0,0,0,0,0,0,0,0,0,0,0,0,0,3,4,0,4,3,0,1,|,8,3,8,4,|,9737.175,|,0,0,0,-4,-5,-4,0,-2,0,0,0,0,0,0,-1,0,0,0,0,0,0,0,0,-2,0,0,-3,-7,0,-7,0,0,1,-7,0,0,0,0,-3,0,0,0,0,0,-7,7,0,0,6,0,0,7,0,0,0,0,7,0,0,0,0,0,7,0,-1,0,0,0,0,0,0,0,0,0,0,0,0,0,0,0,2,0,0,3,4,0,4,3,0,1
0,0,0,-4,-5,-4,0,-2,0,0,0,0,0,0,-1,0,0,0,0,0,0,0,0,-2,0,0,-3,-7,0,-7,0,0,1,-7,0,0,0,0,-3,0,0,0,0,0,-7,7,0,0,6,0,0,7,0,0,0,0,7,0,0,0,0,0,7,0,-1,0,0,0,0,0,0,0,0,0,0,0,0,0,0,0,2,0,0,3,4,0,4,3,0,1,|,5,1,4,1,|,9772.8,|,0,0,0,-4,-5,-4,0,-2,0,0,0,0,0,-1,0,0,0,0,0,0,0,0,0,-2,0,0,-3,-7,0,-7,0,0,0,1,0,0,0,0,-3,0,0,0,0,0,-7,7,0,0,6,0,0,7,0,0,0,0,7,0,0,0,0,0,7,0,-1,0,0,0,0,0,0,0,0,0,0,0,0,0,0,0,2,0,0,3,4,0,4,3,0,1
0,0,0,-4,-5,-4,0,-2,0,0,0,0,0,-1,0,0,0,0,0,0,0,0,0,-2,0,0,-3,-7,0,-7,0,0,0,1,0,0,0,0,-3,0,0,0,0,0,-7,7,0,0,6,0,0,7,0,0,0,0,7,0,0,0,0,0,7,0,-1,0,0,0,0,0,0,0,0,0,0,0,0,0,0,0,2,0,0,3,4,0,4,3,0,1,|,4,1,5,1,|,9667.375,|,0,0,0,-4,-5,-4,0,-2,0,0,0,0,0,0,-1,0,0,0,0,0,0,0,0,-2,0,0,-3,-7,0,-7,0,0,1,0,0,0,0,0,-3,0,0,0,0,0,-7,7,0,0,6,0,0,7,0,0,0,0,7,0,0,0,0,0,7,0,-1,0,0,0,0,0,0,0,0,0,0,0,0,0,0,0,2,0,0,3,4,0,4,3,0,1
0,0,0,-4,-5,-4,0,-2,0,0,0,0,0,0,-1,0,0,0,0,0,0,0,0,-2,0,0,-3,-7,0,-7,0,0,1,0,0,0,0,0,-3,0,0,0,0,0,-7,7,0,0,6,0,0,7,0,0,0,0,7,0,0,0,0,0,7,0,-1,0,0,0,0,0,0,0,0,0,0,0,0,0,0,0,2,0,0,3,4,0,4,3,0,1,|,0,3,0,4,|,9723.675,|,0,0,0,-4,-5,-4,0,-2,0,0,0,0,0,0,-1,0,0,0,0,0,0,0,0,-2,0,0,-3,0,0,-7,0,0,0,1,0,0,-7,0,-3,0,0,0,0,0,-7,7,0,0,6,0,0,7,0,0,0,0,7,0,0,0,0,0,7,0,-1,0,0,0,0,0,0,0,0,0,0,0,0,0,0,0,2,0,0,3,4,0,4,3,0,1
0,0,0,-4,-5,-4,0,-2,0,0,0,0,0,0,-1,0,0,0,0,0,0,0,0,-2,0,0,-3,0,0,-7,0,0,0,1,0,0,-7,0,-3,0,0,0,0,0,-7,7,0,0,6,0,0,7,0,0,0,0,7,0,0,0,0,0,7,0,-1,0,0,0,0,0,0,0,0,0,0,0,0,0,0,0,2,0,0,3,4,0,4,3,0,1,|,5,1,7,1,|,9575.474999999999,|,0,0,0,-4,-5,-4,0,-2,0,0,0,0,0,0,0,0,-1,0,0,0,0,0,0,-2,0,0,-3,0,0,-7,0,0,0,1,0,0,7,0,-3,0,0,0,0,0,-7,0,0,0,6,0,0,7,0,0,0,0,7,0,0,0,0,0,7,0,-1,0,0,0,0,0,0,0,0,0,0,0,0,0,0,0,2,0,0,3,4,0,4,3,0,1
0,0,0,-4,-5,-4,0,-2,0,0,0,0,0,0,0,0,-1,0,0,0,0,0,0,-2,0,0,-3,0,0,-7,0,0,0,1,0,0,7,0,-3,0,0,0,0,0,-7,0,0,0,6,0,0,7,0,0,0,0,7,0,0,0,0,0,7,0,-1,0,0,0,0,0,0,0,0,0,0,0,0,0,0,0,2,0,0,3,4,0,4,3,0,1,|,3,0,4,1,|,9678.8,|,0,0,0,0,-5,-4,0,-2,0,0,0,0,0,-4,0,0,-1,0,0,0,0,0,0,-2,0,0,-3,0,0,-7,0,0,0,1,0,0,7,0,-3,0,0,0,0,0,-7,0,0,0,0,0,0,7,0,0,0,0,7,0,0,0,0,0,7,0,-1,0,6,0,0,0,0,0,0,0,0,0,0,0,0,0,2,0,0,3,4,0,4,3,0,1
0,0,0,0,-5,-4,0,-2,0,0,0,0,0,-4,0,0,-1,0,0,0,0,0,0,-2,0,0,-3,0,0,-7,0,0,0,1,0,0,7,0,-3,0,0,0,0,0,-7,0,0,0,0,0,0,7,0,0,0,0,7,0,0,0,0,0,7,0,-1,0,6,0,0,0,0,0,0,0,0,0,0,0,0,0,2,0,0,3,4,0,4,3,0,1,|,5,2,4,4,|,9560.75,|,0,0,0,0,-5,-4,0,-2,0,0,0,0,0,-4,0,0,-1,0,0,0,0,0,0,0,0,0,-3,0,0,-7,0,0,0,1,0,0,7,0,-3,0,-2,0,0,0,-7,0,0,0,0,0,0,7,0,0,0,0,7,0,0,0,0,0,7,0,-1,0,0,6,0,0,0,0,0,0,0,0,0,0,0,0,2,0,0,3,4,0,4,3,0,1


-1,0,-3,-4,-5,-4,-3,-2,-1,0,0,0,0,0,0,0,0,0,-2,0,0,0,0,0,0,-6,0,-7,0,-7,0,-7,0,-7,0,-7,0,-6,0,0,0,0,0,0,0,0,0,0,0,0,0,0,0,0,7,0,7,0,7,0,7,0,7,0,6,0,0,0,0,0,6,0,0,0,0,0,0,0,0,0,0,0,2,3,1,5,4,3,2,1,|,3,0,4,1,|,187.25,|,-1,0,-3,0,-5,-4,-3,-2,-1,0,0,0,0,-4,0,0,0,0,-2,0,0,0,0,0,0,-6,0,-7,0,-7,0,-7,0,-7,0,-7,0,-6,0,0,0,0,0,6,0,0,0,0,0,0,0,0,0,0,7,0,7,0,7,0,7,0,7,0,6,0,0,0,0,0,0,0,0,0,0,0,0,0,0,0,0,0,2,3,1,5,4,3,2,1
-1,0,-3,0,-5,-4,-3,-2,-1,0,0,0,0,-4,0,0,0,0,-2,0,0,0,0,0,0,-6,0,-7,0,-7,0,-7,0,-7,0,-7,0,-6,0,0,0,0,0,6,0,0,0,0,0,0,0,0,0,0,7,0,7,0,7,0,7,0,7,0,6,0,0,0,0,0,0,0,0,0,0,0,0,0,0,0,0,0,2,3,1,5,4,3,2,1,|,7,2,7,3,|,146.75,|,-1,0,-3,0,-5,-4,-3,-2,-1,0,0,0,0,-4,0,0,0,0,-2,0,0,0,0,0,0,0,0,-7,0,-7,0,-7,0,-7,-6,-7,0,-6,0,0,0,0,0,6,0,0,0,0,0,0,0,0,0,0,7,0,7,0,7,0,7,0,7,0,0,0,0,6,0,0,0,0,0,0,0,0,0,0,0,0,0,0,2,3,1,5,4,3,2,1
-1,0,-3,0,-5,-4,-3,-2,-1,0,0,0,0,-4,0,0,0,0,-2,0,0,0,0,0,0,0,0,-7,0,-7,0,-7,0,-7,-6,-7,0,-6,0,0,0,0,0,6,0,0,0,0,0,0,0,0,0,0,7,0,7,0,7,0,7,0,7,0,0,0,0,6,0,0,0,0,0,0,0,0,0,0,0,0,0,0,2,3,1,5,4,3,2,1,|,8,0,7,0,|,153.54999999999927,|,-1,0,-3,0,-5,-4,-3,-1,0,0,0,0,0,-4,0,0,0,0,-2,0,0,0,0,0,0,0,0,-7,0,-7,0,-7,0,-7,-6,-7,0,-6,0,0,0,0,0,0,0,0,0,0,0,0,0,0,0,0,7,0,7,0,7,0,7,0,7,0,0,0,0,6,0,0,0,0,0,0,0,0,0,0,0,0,0,0,2,3,1,5,4,3,2,1
-1,0,-3,0,-5,-4,-3,-1,0,0,0,0,0,-4,0,0,0,0,-2,0,0,0,0,0,0,0,0,-7,0,-7,0,-7,0,-7,-6,-7,0,-6,0,0,0,0,0,0,0,0,0,0,0,0,0,0,0,0,7,0,7,0,7,0,7,0,7,0,0,0,0,6,0,0,0,0,0,0,0,0,0,0,0,0,0,0,2,3,1,5,4,3,2,1,|,7,3,7,7,|,-71.15000000000146,|,-1,0,-3,0,-5,-4,-3,-1,0,0,0,0,0,-4,0,0,0,0,-2,0,0,0,0,0,0,0,0,-7,0,-7,0,-7,0,-7,0,-7,0,-6,0,0,0,0,0,0,0,0,0,0,0,7,0,0,0,0,7,0,7,0,0,0,7,0,7,0,0,0,0,6,0,0,-6,0,0,0,0,0,0,0,0,0,0,0,2,3,1,5,4,3,2,1
-1,0,-3,0,-5,-4,-3,-1,0,0,0,0,0,-4,0,0,0,0,-2,0,0,0,0,0,0,0,0,-7,0,-7,0,-7,0,-7,0,-7,0,-6,0,0,0,0,0,0,0,0,0,0,0,7,0,0,0,0,7,0,7,0,0,0,7,0,7,0,0,0,0,6,0,0,-6,0,0,0,0,0,0,0,0,0,0,0,2,3,1,5,4,3,2,1,|,2,0,4,2,|,69.47499999999854,|,-1,0,0,0,-5,-4,-3,-1,0,0,0,0,0,-4,0,0,0,0,-2,0,0,0,-3,0,0,0,0,-7,0,-7,0,-7,0,-7,0,-7,0,-6,0,0,0,0,0,0,0,0,0,7,0,7,0,0,0,0,7,0,0,0,0,0,7,0,7,0,0,0,0,6,0,0,-6,0,0,0,0,0,0,0,0,0,0,0,2,3,1,5,4,3,2,1
-1,0,0,0,-5,-4,-3,-1,0,0,0,0,0,-4,0,0,0,0,-2,0,0,0,-3,0,0,0,0,-7,0,-7,0,-7,0,-7,0,-7,0,-6,0,0,0,0,0,0,0,0,0,7,0,7,0,0,0,0,7,0,0,0,0,0,7,0,7,0,0,0,0,6,0,0,-6,0,0,0,0,0,0,0,0,0,0,0,2,3,1,5,4,3,2,1,|,0,0,3,0,|,-103.95000000000073,|,0,0,0,-1,-5,-4,-3,-1,0,0,0,0,0,-4,0,0,0,0,-2,0,0,0,-3,0,0,0,0,-7,0,-7,0,6,0,-7,0,-7,0,-6,0,0,0,0,0,0,0,0,0,7,0,7,0,0,0,0,7,0,0,0,0,0,7,0,7,0,0,0,0,0,0,0,-6,0,0,0,0,0,0,0,0,0,0,0,2,3,1,5,4,3,2,1
0,0,0,-1,-5,-4,-3,-1,0,0,0,0,0,-4,0,0,0,0,-2,0,0,0,-3,0,0,0,0,-7,0,-7,0,6,0,-7,0,-7,0,-6,0,0,0,0,0,0,0,0,0,7,0,7,0,0,0,0,7,0,0,0,0,0,7,0,7,0,0,0,0,0,0,0,-6,0,0,0,0,0,0,0,0,0,0,0,2,3,1,5,4,3,2,1,|,2,3,2,4,|,-165.25,|,0,0,0,-1,-5,-4,-3,-1,0,0,0,0,0,-4,0,0,0,0,-2,0,0,0,-3,0,0,0,0,-7,0,0,0,6,0,-7,0,-7,0,-6,-7,0,0,0,0,0,0,0,0,7,0,7,0,0,0,0,7,0,0,0,0,0,7,0,7,0,0,0,0,3,0,0,-6,0,0,0,0,0,0,0,0,0,0,0,2,0,1,5,4,3,2,1
0,0,0,-1,-5,-4,-3,-1,0,0,0,0,0,-4,0,0,0,0,-2,0,0,0,-3,0,0,0,0,-7,0,0,0,6,0,-7,0,-7,0,-6,-7,0,0,0,0,0,0,0,0,7,0,7,0,0,0,0,7,0,0,0,0,0,7,0,7,0,0,0,0,3,0,0,-6,0,0,0,0,0,0,0,0,0,0,0,2,0,1,5,4,3,2,1,|,3,0,3,4,|,-171.9499999999989,|,0,0,0,0,-5,-4,-3,-1,0,0,0,0,0,-4,0,0,0,0,-2,0,0,0,-3,0,0,0,0,-7,0,0,0,0,0,-7,0,-7,0,-6,-7,-1,6,0,0,0,0,0,0,7,0,7,0,0,0,0,7,0,0,0,0,0,7,0,7,0,0,0,0,3,0,0,-6,0,0,0,0,0,0,0,0,0,0,0,2,0,1,5,4,3,2,1
0,0,0,0,-5,-4,-3,-1,0,0,0,0,0,-4,0,0,0,0,-2,0,0,0,-3,0,0,0,0,-7,0,0,0,0,0,-7,0,-7,0,-6,-7,-1,6,0,0,0,0,0,0,7,0,7,0,0,0,0,7,0,0,0,0,0,7,0,7,0,0,0,0,3,0,0,-6,0,0,0,0,0,0,0,0,0,0,0,2,0,1,5,4,3,2,1,|,1,4,1,3,|,-235.82500000000073,|,0,0,0,0,-5,-4,-3,-1,0,0,0,0,0,-4,0,0,0,0,-2,0,0,0,-3,0,0,0,0,-7,-6,0,0,0,0,-7,0,-7,0,0,-7,-1,0,0,0,6,0,0,0,7,0,7,0,0,0,0,7,0,0,0,0,0,7,0,7,0,0,0,0,3,0,0,-6,0,0,0,0,0,0,0,0,0,0,0,2,0,1,5,4,3,2,1
0,0,0,0,-5,-4,-3,-1,0,0,0,0,0,-4,0,0,0,0,-2,0,0,0,-3,0,0,0,0,-7,-6,0,0,0,0,-7,0,-7,0,0,-7,-1,0,0,0,6,0,0,0,7,0,7,0,0,0,0,7,0,0,0,0,0,7,0,7,0,0,0,0,3,0,0,-6,0,0,0,0,0,0,0,0,0,0,0,2,0,1,5,4,3,2,1,|,3,4,5,4,|,-17.325000000000728,|,0,0,0,0,-5,-4,-3,-1,0,0,0,0,0,-4,0,0,0,0,-2,0,0,0,-3,0,0,0,0,-7,-6,0,0,0,0,-7,0,-7,0,0,6,0,0,-1,0,0,0,0,0,7,0,7,0,0,0,0,7,0,0,0,0,0,7,0,7,0,0,0,0,3,0,0,-6,0,0,0,0,0,0,0,0,0,0,0,2,0,1,5,4,3,2,1
0,0,0,0,-5,-4,-3,-1,0,0,0,0,0,-4,0,0,0,0,-2,0,0,0,-3,0,0,0,0,-7,-6,0,0,0,0,-7,0,-7,0,0,6,0,0,-1,0,0,0,0,0,7,0,7,0,0,0,0,7,0,0,0,0,0,7,0,7,0,0,0,0,3,0,0,-6,0,0,0,0,0,0,0,0,0,0,0,2,0,1,5,4,3,2,1,|,1,3,1,2,|,87.75,|,0,0,0,0,-5,-4,-3,-1,0,0,0,0,0,-4,0,0,0,0,-2,-6,0,0,-3,0,0,0,0,-7,0,0,0,0,0,-7,0,-7,0,0,6,0,0,-1,0,0,0,0,0,7,0,7,0,0,0,0,7,0,0,0,0,0,7,0,7,0,0,0,0,3,0,0,-6,0,0,0,0,0,0,0,0,0,0,0,2,1,0,5,4,3,2,1
0,0,0,0,-5,-4,-3,-1,0,0,0,0,0,-4,0,0,0,0,-2,-6,0,0,-3,0,0,0,0,-7,0,0,0,0,0,-7,0,-7,0,0,6,0,0,-1,0,0,0,0,0,7,0,7,0,0,0,0,7,0,0,0,0,0,7,0,7,0,0,0,0,3,0,0,-6,0,0,0,0,0,0,0,0,0,0,0,2,1,0,5,4,3,2,1,|,7,0,8,0,|,-6.924999999999272,|,0,0,0,0,-5,-4,-3,0,-1,0,0,0,0,-4,0,0,0,0,-2,-6,0,0,-3,0,0,0,0,-7,0,0,0,0,0,-7,0,-7,0,0,0,0,6,-1,0,0,0,0,0,7,0,7,0,0,0,0,7,0,0,0,0,0,7,0,7,0,0,0,0,3,0,0,-6,0,0,0,0,0,0,0,0,0,0,0,2,1,0,5,4,3,2,1
0,0,0,0,-5,-4,-3,0,-1,0,0,0,0,-4,0,0,0,0,-2,-6,0,0,-3,0,0,0,0,-7,0,0,0,0,0,-7,0,-7,0,0,0,0,6,-1,0,0,0,0,0,7,0,7,0,0,0,0,7,0,0,0,0,0,7,0,7,0,0,0,0,3,0,0,-6,0,0,0,0,0,0,0,0,0,0,0,2,1,0,5,4,3,2,1,|,8,0,7,0,|,-77,|,0,0,0,0,-5,-4,-3,-1,0,0,0,0,0,-4,0,0,0,0,-2,-6,0,0,-3,0,0,0,0,-7,0,0,0,0,0,-7,0,-7,0,0,0,0,6,-1,0,0,0,0,0,7,0,7,0,0,0,0,7,0,0,0,0,0,7,0,7,2,0,0,0,3,0,0,-6,0,0,0,0,0,0,0,0,0,0,0,0,1,0,5,4,3,2,1
0,0,0,0,-5,-4,-3,-1,0,0,0,0,0,-4,0,0,0,0,-2,-6,0,0,-3,0,0,0,0,-7,0,0,0,0,0,-7,0,-7,0,0,0,0,6,-1,0,0,0,0,0,7,0,7,0,0,0,0,7,0,0,0,0,0,7,0,7,2,0,0,0,3,0,0,-6,0,0,0,0,0,0,0,0,0,0,0,0,1,0,5,4,3,2,1,|,4,0,3,0,|,-16.625,|,0,0,0,-5,0,-4,-3,-1,0,0,0,0,0,-4,0,0,0,0,-2,-6,0,0,-3,0,0,0,0,-7,0,0,0,0,0,-7,0,-7,0,0,0,0,6,-1,0,0,0,0,0,7,0,7,0,0,0,0,7,0,0,0,0,0,7,0,7,0,0,0,0,3,0,0,-6,0,0,0,0,0,0,0,0,0,0,0,2,1,0,5,4,3,2,1
0,0,0,-5,0,-4,-3,-1,0,0,0,0,0,-4,0,0,0,0,-2,-6,0,0,-3,0,0,0,0,-7,0,0,0,0,0,-7,0,-7,0,0,0,0,6,-1,0,0,0,0,0,7,0,7,0,0,0,0,7,0,0,0,0,0,7,0,7,0,0,0,0,3,0,0,-6,0,0,0,0,0,0,0,0,0,0,0,2,1,0,5,4,3,2,1,|,6,0,8,2,|,114.22500000000218,|,0,0,0,-5,0,-4,0,-1,0,0,0,0,0,-4,0,0,0,0,-2,-6,0,0,-3,0,0,0,-3,-7,0,0,0,0,0,-7,0,-7,0,6,0,0,0,-1,0,0,0,0,0,7,0,7,0,0,0,0,7,0,0,0,0,0,7,0,7,0,0,0,0,3,0,0,-6,0,0,0,0,0,0,0,0,0,0,0,2,1,0,5,4,3,2,1
0,0,0,-5,0,-4,0,-1,0,0,0,0,0,-4,0,0,0,0,-2,-6,0,0,-3,0,0,0,-3,-7,0,0,0,0,0,-7,0,-7,0,6,0,0,0,-1,0,0,0,0,0,7,0,7,0,0,0,0,7,0,0,0,0,0,7,0,7,0,0,0,0,3,0,0,-6,0,0,0,0,0,0,0,0,0,0,0,2,1,0,5,4,3,2,1,|,5,4,7,4,|,96.625,|,0,0,0,-5,0,-4,0,-1,0,0,0,0,0,-4,0,0,0,0,-2,-6,0,0,-3,0,0,0,-3,-7,0,0,0,0,0,-7,0,-7,0,6,0,0,0,0,0,-1,0,0,0,7,0,7,0,3,0,0,7,0,0,0,0,0,7,0,7,0,0,0,0,0,0,0,-6,0,0,0,0,0,0,0,0,0,0,0,2,1,0,5,4,3,2,1
0,0,0,-5,0,-4,0,0,0,0,0,0,0,-4,0,0,0,0,-2,-6,0,0,-3,0,0,-1,-3,-7,0,0,0,0,0,-7,0,-7,0,0,6,0,0,0,0,-1,0,0,0,7,0,7,0,3,0,0,7,0,0,0,0,0,7,0,7,0,0,0,0,0,0,0,-6,0,0,0,0,0,0,0,0,0,0,0,2,1,0,5,4,3,2,1,|,1,2,2,2,|,47.25,|,0,0,0,-5,0,-4,0,0,0,0,0,0,0,-4,0,0,0,0,-2,0,-6,0,-3,0,0,-1,-3,-7,0,6,0,0,0,-7,0,-7,0,0,0,0,0,0,0,-1,0,0,0,7,0,7,0,3,0,0,7,0,0,0,0,0,7,0,7,0,0,0,0,0,0,0,-6,0,0,0,0,0,0,0,0,0,0,0,2,1,0,5,4,3,2,1
0,0,0,-5,0,-4,0,-1,0,0,0,0,0,-4,0,0,0,0,-2,-6,0,0,-3,0,0,0,-3,-7,0,0,0,0,0,-7,0,-7,0,6,0,0,0,0,0,-1,0,0,0,7,0,7,0,3,0,0,7,0,0,0,0,0,7,0,7,0,0,0,0,0,0,0,-6,0,0,0,0,0,0,0,0,0,0,0,2,1,0,5,4,3,2,1,|,7,0,7,2,|,-75.125,|,0,0,0,-5,0,-4,0,0,0,0,0,0,0,-4,0,0,0,0,-2,-6,0,0,-3,0,0,-1,-3,-7,0,0,0,0,0,-7,0,-7,0,0,6,0,0,0,0,-1,0,0,0,7,0,7,0,3,0,0,7,0,0,0,0,0,7,0,7,0,0,0,0,0,0,0,-6,0,0,0,0,0,0,0,0,0,0,0,2,1,0,5,4,3,2,1


-1,-2,-3,-4,-5,-4,-3,-2,-1,0,0,0,0,0,0,0,0,0,0,-6,0,0,0,0,-6,0,0,-7,0,-7,0,-7,0,-7,0,-7,0,0,0,0,0,0,0,0,0,0,0,0,0,0,0,0,0,0,7,0,7,0,7,0,7,0,7,0,6,6,0,0,0,0,0,0,0,0,0,0,0,0,0,0,0,1,2,3,4,5,4,3,2,1,|,1,0,2,2,|,-20.825000000000728,|,-1,0,-3,-4,-5,-4,-3,-2,-1,0,0,0,0,0,0,0,0,0,0,-6,-2,0,0,0,-6,0,0,-7,0,-7,0,-7,0,-7,0,-7,0,0,0,0,0,0,0,0,0,7,0,0,0,0,0,0,0,0,0,0,7,0,7,0,7,0,7,0,6,6,0,0,0,0,0,0,0,0,0,0,0,0,0,0,0,1,2,3,4,5,4,3,2,1
-1,0,-3,-4,-5,-4,-3,-2,-1,0,0,0,0,0,0,0,0,0,0,-6,-2,0,0,0,-6,0,0,-7,0,-7,0,-7,0,-7,0,-7,0,0,0,0,0,0,0,0,0,7,0,0,0,0,0,0,0,0,0,0,7,0,7,0,7,0,7,0,6,6,0,0,0,0,0,0,0,0,0,0,0,0,0,0,0,1,2,3,4,5,4,3,2,1,|,1,2,1,6,|,-135.5,|,-1,0,-3,-4,-5,-4,-3,-2,-1,0,0,0,0,0,0,0,0,0,0,0,-2,0,0,0,-6,0,0,-7,0,6,0,-7,0,-7,0,-7,0,0,0,0,0,0,0,0,0,7,0,0,0,0,0,0,0,0,0,-6,7,0,7,0,7,0,7,0,6,0,0,0,0,0,0,0,0,0,0,0,0,0,0,0,0,1,2,3,4,5,4,3,2,1
-1,-2,-3,-4,-5,-4,-3,-2,-1,0,0,0,0,0,0,0,0,0,0,-6,0,0,0,0,0,-6,0,-7,0,-7,0,-7,0,-7,0,-7,0,0,0,0,0,0,0,0,0,0,0,0,0,0,0,0,0,0,7,0,7,0,7,0,7,0,7,0,6,0,0,0,0,0,6,0,0,0,0,0,0,0,0,0,0,1,2,3,4,5,4,3,2,1,|,7,2,6,2,|,-49.75,|,-1,-2,-3,-4,-5,-4,-3,-2,-1,0,0,0,0,0,0,0,0,0,0,-6,0,0,0,0,-6,0,0,-7,0,-7,0,-7,0,-7,0,-7,0,0,0,0,0,0,0,0,0,0,0,0,0,0,0,0,0,0,7,0,7,0,7,0,7,0,7,0,6,6,0,0,0,0,0,0,0,0,0,0,0,0,0,0,0,1,2,3,4,5,4,3,2,1
-1,0,-3,-4,-5,-4,-3,-2,0,0,0,0,0,0,0,0,-1,0,0,0,-2,0,-6,0,0,0,0,-7,0,0,0,-7,0,0,6,-7,0,0,0,0,0,0,0,0,0,7,0,7,0,0,0,0,0,0,0,-6,0,0,7,0,7,0,7,0,6,0,0,0,0,0,0,0,0,0,0,0,0,0,0,0,0,1,2,3,4,5,4,3,2,1,|,3,0,4,1,|,-109.84999999999854,|,-1,0,-3,0,-5,-4,-3,-2,0,0,0,0,0,-4,0,0,-1,0,0,0,-2,0,-6,0,0,0,0,-7,0,0,0,-7,0,6,0,-7,0,0,0,0,0,0,0,0,0,7,0,7,0,0,0,0,0,0,0,-6,0,0,7,0,7,0,7,0,6,0,0,0,0,0,0,0,0,0,0,0,0,0,0,0,0,1,2,3,4,5,4,3,2,1
-1,0,-3,-4,-5,-4,-3,-2,0,0,0,0,0,0,0,0,0,-1,0,0,-2,0,-6,0,0,0,0,-7,0,0,0,-7,0,6,0,-7,0,0,0,0,0,0,0,0,0,7,0,7,0,0,0,0,0,0,0,-6,0,0,7,0,7,0,7,0,6,0,0,0,0,0,0,0,0,0,0,0,0,0,0,0,0,1,2,3,4,5,4,3,2,1,|,8,1,7,1,|,-202.125,|,-1,0,-3,-4,-5,-4,-3,-2,0,0,0,0,0,0,0,0,-1,0,0,0,-2,0,-6,0,0,0,0,-7,0,0,0,-7,0,0,6,-7,0,0,0,0,0,0,0,0,0,7,0,7,0,0,0,0,0,0,0,-6,0,0,7,0,7,0,7,0,6,0,0,0,0,0,0,0,0,0,0,0,0,0,0,0,0,1,2,3,4,5,4,3,2,1
-1,0,-3,0,-5,-4,-3,-2,0,0,0,0,0,-4,0,0,-1,0,0,0,-2,0,-6,0,0,0,0,-7,0,0,0,-7,0,6,0,-7,0,0,0,0,0,0,0,0,0,7,0,7,0,0,0,0,0,0,0,-6,0,0,7,0,7,0,7,0,6,0,0,0,0,0,0,0,0,0,0,0,0,0,0,0,0,1,2,3,4,5,4,3,2,1,|,7,1,6,1,|,-236.79999999999927,|,-1,0,-3,0,-5,-4,-3,-2,0,0,0,0,0,-4,0,-1,0,0,0,0,-2,0,-6,0,0,0,0,-7,0,0,0,-7,0,6,0,-7,0,0,7,0,0,0,0,0,0,7,0,0,0,0,0,0,0,0,0,-6,0,0,7,0,7,0,7,0,6,0,0,0,0,0,0,0,0,0,0,0,0,0,0,0,0,1,2,3,4,5,4,3,2,1
-1,0,-3,0,-5,-4,-3,-2,0,0,0,0,0,-4,0,-1,0,0,0,0,-2,0,-6,0,0,0,0,-7,0,0,0,-7,0,6,0,-7,0,0,7,0,0,0,0,0,0,7,0,0,0,0,0,0,0,0,0,-6,0,0,7,0,7,0,7,0,6,0,0,0,0,0,0,0,0,0,0,0,0,0,0,0,0,1,2,3,4,5,4,3,2,1,|,1,6,6,6,|,-259.34999999999854,|,-1,0,-3,0,-5,-4,-3,-2,0,0,0,0,0,-4,0,-1,0,0,0,0,-2,0,-6,0,0,0,0,-7,0,0,0,-7,0,0,0,-7,0,0,7,0,0,0,0,0,0,7,0,0,0,0,0,6,0,0,0,0,0,0,7,0,-6,0,7,0,6,0,0,0,0,0,0,0,0,0,0,0,0,0,0,0,0,1,2,3,4,5,4,3,2,1
-1,0,-3,0,-5,-4,-3,-2,0,0,0,0,0,-4,0,-1,0,0,0,0,-2,0,-6,0,0,0,0,-7,0,0,0,-7,0,0,0,-7,0,0,7,0,0,0,0,0,0,7,0,0,0,0,0,6,0,0,0,0,0,0,7,0,-6,0,7,0,6,0,0,0,0,0,0,0,0,0,0,0,0,0,0,0,0,1,2,3,4,5,4,3,2,1,|,2,2,1,4,|,-501.09999999999854,|,-1,0,-3,0,-5,-4,-3,-2,0,0,0,0,0,-4,0,-1,0,0,0,0,0,0,-6,0,0,0,0,-7,0,0,0,-7,0,0,0,-7,0,-2,7,0,0,0,0,0,0,7,0,6,0,0,0,0,0,0,0,0,0,0,7,0,-6,0,7,0,6,0,0,0,0,0,0,0,0,0,0,0,0,0,0,0,0,1,2,3,4,5,4,3,2,1
-1,0,-3,0,-5,-4,-3,-2,0,0,0,0,0,-4,0,-1,0,0,0,0,0,0,-6,0,0,0,0,-7,0,0,0,-7,0,0,0,-7,0,-2,7,0,0,0,0,0,0,7,0,6,0,0,0,0,0,0,0,0,0,0,7,0,-6,0,7,0,6,0,0,0,0,0,0,0,0,0,0,0,0,0,0,0,0,1,2,3,4,5,4,3,2,1,|,7,0,8,2,|,-585.4500000000007,|,-1,0,-3,0,-5,-4,-3,0,0,0,0,0,0,-4,0,-1,0,0,0,0,0,0,-6,0,0,0,-2,-7,0,0,0,-7,0,0,0,-7,0,7,0,0,0,0,0,0,0,7,0,6,0,0,0,0,0,0,0,0,0,0,7,0,-6,0,7,0,6,0,0,0,0,0,0,0,0,0,0,0,0,0,0,0,0,1,2,3,4,5,4,3,2,1
-1,0,-3,0,-5,-4,-3,0,0,0,0,0,0,-4,0,-1,0,0,0,0,0,0,-6,0,0,0,-2,-7,0,0,0,-7,0,0,0,-7,0,7,0,0,0,0,0,0,0,7,0,6,0,0,0,0,0,0,0,0,0,0,7,0,-6,0,7,0,6,0,0,0,0,0,0,0,0,0,0,0,0,0,0,0,0,1,2,3,4,5,4,3,2,1,|,6,1,6,4,|,-585.3499999999985,|,-1,0,-3,0,-5,-4,-3,0,0,0,0,0,0,-4,0,0,0,0,0,0,0,0,-6,0,0,0,-2,-7,0,0,0,-7,0,0,0,-7,0,7,0,0,0,0,-1,0,0,7,0,6,0,0,0,0,0,0,0,0,0,0,7,0,-6,0,7,0,6,0,0,0,0,0,0,2,0,0,0,0,0,0,0,0,0,1,2,3,4,5,4,3,0,1
-1,0,-3,-4,-5,-4,-3,-2,-1,0,0,0,0,0,0,0,0,0,0,0,-2,0,0,0,-6,0,0,-7,0,6,0,-7,0,-7,0,-7,0,0,0,0,0,0,0,0,0,7,0,0,0,0,0,0,0,0,0,-6,7,0,7,0,7,0,7,0,6,0,0,0,0,0,0,0,0,0,0,0,0,0,0,0,0,1,2,3,4,5,4,3,2,1,|,6,2,4,2,|,-170,|,-1,0,-3,-4,-5,-4,-3,-2,-1,0,0,0,0,0,0,0,0,0,0,0,-2,0,-6,0,0,0,0,-7,0,6,0,-7,0,-7,0,-7,0,0,0,0,0,0,0,0,0,7,0,7,0,0,0,0,0,0,0,-6,0,0,7,0,7,0,7,0,6,0,0,0,0,0,0,0,0,0,0,0,0,0,0,0,0,1,2,3,4,5,4,3,2,1
-1,0,-3,-4,-5,-4,-3,-2,-1,0,0,0,0,0,0,0,0,0,0,0,-2,0,-6,0,0,0,0,-7,0,6,0,-7,0,-7,0,-7,0,0,0,0,0,0,0,0,0,7,0,7,0,0,0,0,0,0,0,-6,0,0,7,0,7,0,7,0,6,0,0,0,0,0,0,0,0,0,0,0,0,0,0,0,0,1,2,3,4,5,4,3,2,1,|,8,0,8,1,|,-146.375,|,-1,0,-3,-4,-5,-4,-3,-2,0,0,0,0,0,0,0,0,0,-1,0,0,-2,0,-6,0,0,0,0,-7,0,0,0,-7,0,6,0,-7,0,0,0,0,0,0,0,0,0,7,0,7,0,0,0,0,0,0,0,-6,0,0,7,0,7,0,7,0,6,0,0,0,0,0,0,0,0,0,0,0,0,0,0,0,0,1,2,3,4,5,4,3,2,1
-1,0,-3,0,-5,-4,-3,0,0,0,0,0,0,-4,0,0,0,0,0,0,0,0,-6,0,0,0,-2,7,7,0,0,-7,0,0,0,-7,0,0,0,0,0,0,-1,0,0,0,0,6,0,0,0,0,0,0,0,0,0,0,7,-6,0,0,7,0,6,0,0,0,0,0,0,2,0,0,0,0,0,0,0,0,0,1,2,3,4,5,4,3,0,1,|,6,4,5,4,|,-956.2749999999978,|,-1,0,-3,0,-5,-4,-3,0,0,0,0,0,0,-4,0,0,0,0,7,0,0,0,-6,0,0,0,-2,0,7,0,0,-7,0,0,0,-7,0,0,0,0,0,-1,0,0,0,0,0,6,0,0,0,0,0,0,0,0,0,0,7,-6,0,0,7,0,6,0,0,0,0,0,0,2,0,0,0,0,0,0,0,0,0,1,2,3,4,5,4,3,0,1
-1,0,-3,0,-5,-4,-3,0,0,0,0,0,0,-4,0,0,0,0,7,0,0,0,-6,0,0,0,-2,0,7,0,0,-7,0,0,0,-7,0,0,0,0,0,-1,0,0,0,0,0,6,0,0,0,0,0,0,0,0,0,0,7,-6,0,0,7,0,6,0,0,0,0,0,0,2,0,0,0,0,0,0,0,0,0,1,2,3,4,5,4,3,0,1,|,4,0,3,0,|,-1231.3499999999985,|,-1,0,-3,-5,0,-4,-3,0,0,7,0,0,0,-4,0,0,0,0,0,0,0,0,-6,0,0,0,-2,0,7,0,0,-7,0,0,0,-7,0,0,0,0,0,-1,0,0,0,0,0,6,0,0,0,0,0,0,0,0,0,0,7,-6,0,0,7,0,6,0,0,0,0,0,0,2,0,0,0,0,0,0,0,0,0,1,2,3,4,5,4,3,0,1
-1,0,-3,-5,0,-4,-3,0,0,7,0,0,0,-4,0,0,0,0,0,0,0,0,-6,0,0,0,-2,0,7,0,0,-7,0,0,0,-7,0,0,0,0,0,-1,0,0,0,0,0,6,0,0,0,0,0,0,0,0,0,0,7,-6,0,0,7,0,6,0,0,0,0,0,0,2,0,0,0,0,0,0,0,0,0,1,2,3,4,5,4,3,0,1,|,4,2,4,6,|,-1312.875,|,7,0,-3,-5,0,-4,-3,0,0,0,0,0,0,-4,0,0,0,0,0,0,0,0,0,0,0,0,-2,0,7,0,0,-7,0,0,0,-7,0,0,0,0,0,-1,0,0,0,0,0,6,0,0,0,0,0,0,0,0,0,0,-6,-6,0,0,7,0,6,0,0,0,0,0,0,2,0,0,0,0,0,0,0,0,0,1,2,3,4,5,4,3,0,1
-1,0,-3,-5,0,-4,-3,0,0,0,0,0,0,-4,0,0,0,0,0,0,0,0,-6,0,0,0,-2,-7,7,0,0,-7,0,0,0,-7,7,0,0,0,0,0,-1,0,0,0,0,6,0,0,0,0,0,0,0,0,0,0,7,-6,0,0,7,0,6,0,0,0,0,0,0,2,0,0,0,0,0,0,0,0,0,1,2,3,4,5,4,3,0,1,|,3,0,4,0,|,-776.7999999999993,|,-1,0,-3,0,-5,-4,-3,0,0,0,0,0,0,-4,0,0,0,0,0,0,0,0,-6,0,0,0,-2,7,7,0,0,-7,0,0,0,-7,0,0,0,0,0,0,-1,0,0,0,0,6,0,0,0,0,0,0,0,0,0,0,7,-6,0,0,7,0,6,0,0,0,0,0,0,2,0,0,0,0,0,0,0,0,0,1,2,3,4,5,4,3,0,1
0,7,-3,-5,0,-4,-3,0,0,0,0,0,0,-4,0,0,0,0,0,0,0,0,0,0,0,0,-2,0,7,0,0,-7,0,0,0,-7,-1,0,0,0,0,0,0,0,0,0,0,6,0,0,0,0,0,0,0,0,0,0,-6,-6,0,0,7,0,6,0,0,0,0,0,0,2,0,0,0,0,0,0,0,0,0,1,2,3,4,5,4,3,0,1,|,3,0,4,0,|,-2039.4249999999993,|,0,0,7,0,-5,-4,-3,0,0,0,0,0,0,-4,0,0,0,0,0,0,0,0,0,0,0,0,-2,0,7,0,0,-7,0,0,0,-7,-1,0,0,0,0,0,0,0,0,0,0,6,0,0,0,0,0,0,0,0,0,0,-6,-6,0,0,7,0,6,0,0,0,0,0,0,2,0,0,0,0,0,0,0,0,0,1,2,3,4,5,4,3,0,1
0,0,7,0,-5,-4,-3,0,0,0,0,0,0,-4,0,0,0,0,0,0,0,0,0,0,0,0,-2,0,7,0,0,-7,0,0,0,-7,-1,0,0,0,0,0,0,0,0,0,0,6,0,0,0,0,0,0,0,0,0,0,-6,-6,0,0,7,0,6,0,0,0,0,0,0,2,0,0,0,0,0,0,0,0,0,1,2,3,4,5,4,3,0,1,|,4,1,3,2,|,-2348.5499999999993,|,0,0,7,0,-5,-4,-3,0,0,0,0,0,0,0,0,0,0,0,0,0,0,-4,0,0,0,0,-2,0,7,0,0,-7,0,0,0,-7,1,0,0,0,0,0,0,0,0,0,0,6,0,0,0,0,0,0,0,0,0,0,-6,-6,0,0,7,0,6,0,0,0,0,0,0,2,0,0,0,0,0,0,0,0,0,0,2,3,4,5,4,3,0,1
0,0,7,0,-5,-4,-3,0,0,0,0,0,0,0,0,0,0,0,0,0,0,-4,0,0,0,0,-2,0,7,0,0,-7,0,0,0,-7,1,0,0,0,0,0,0,0,0,0,0,6,0,0,0,0,0,0,0,0,0,0,-6,-6,0,0,7,0,6,0,0,0,0,0,0,2,0,0,0,0,0,0,0,0,0,0,2,3,4,5,4,3,0,1,|,4,6,1,6,|,-2059.2999999999993,|,0,0,7,0,-5,-4,-3,0,0,0,0,0,0,0,0,0,0,0,0,0,0,-4,0,0,0,0,-2,0,7,0,0,-7,0,0,0,-7,1,0,0,0,0,0,0,0,0,0,0,0,0,0,0,0,0,0,0,-6,0,0,0,-6,0,0,7,0,6,6,0,0,0,0,0,2,0,0,0,0,0,0,0,0,0,0,2,3,4,5,4,3,0,1

7,0,-3,-5,0,-4,-3,0,0,0,0,0,0,-4,0,0,0,0,0,0,0,0,0,0,0,0,-2,0,7,0,0,-7,0,0,0,-7,0,0,0,0,0,-1,0,0,0,0,0,6,0,0,0,0,0,0,0,0,0,0,-6,-6,0,0,7,0,6,0,0,0,0,0,0,2,0,0,0,0,0,0,0,0,0,1,2,3,4,5,4,3,0,1,|,5,4,0,4,|,-1936.375,|,0,7,-3,-5,0,-4,-3,0,0,0,0,0,0,-4,0,0,0,0,0,0,0,0,0,0,0,0,-2,0,7,0,0,-7,0,0,0,-7,-1,0,0,0,0,0,0,0,0,0,0,6,0,0,0,0,0,0,0,0,0,0,-6,-6,0,0,7,0,6,0,0,0,0,0,0,2,0,0,0,0,0,0,0,0,0,1,2,3,4,5,4,3,0,1
-1,0,-3,0,-5,-4,-3,0,0,0,0,0,0,-4,0,0,0,0,0,0,0,0,-6,0,0,0,-2,-7,0,0,0,-7,0,0,0,-7,0,7,0,0,0,0,-1,0,0,7,0,6,0,0,0,0,0,0,0,0,0,0,7,0,-6,0,7,0,6,0,0,0,0,0,0,2,0,0,0,0,0,0,0,0,0,1,2,3,4,5,4,3,0,1,|,6,6,5,6,|,-558.7249999999985,|,-1,0,-3,0,-5,-4,-3,0,0,0,0,0,0,-4,0,0,0,0,0,0,0,0,-6,0,0,0,-2,-7,7,0,0,-7,0,0,0,-7,0,0,0,0,0,0,-1,0,0,7,0,6,0,0,0,0,0,0,0,0,0,0,7,-6,0,0,7,0,6,0,0,0,0,0,0,2,0,0,0,0,0,0,0,0,0,1,2,3,4,5,4,3,0,1
-1,0,-3,0,-5,-4,-3,0,0,0,0,0,0,-4,0,0,0,0,0,0,0,0,-6,0,0,0,-2,-7,7,0,0,-7,0,0,0,-7,0,0,0,0,0,0,-1,0,0,7,0,6,0,0,0,0,0,0,0,0,0,0,7,-6,0,0,7,0,6,0,0,0,0,0,0,2,0,0,0,0,0,0,0,0,0,1,2,3,4,5,4,3,0,1,|,4,0,3,0,|,-675.8999999999978,|,-1,0,-3,-5,0,-4,-3,0,0,0,0,0,0,-4,0,0,0,0,0,0,0,0,-6,0,0,0,-2,-7,7,0,0,-7,0,0,0,-7,7,0,0,0,0,0,-1,0,0,0,0,6,0,0,0,0,0,0,0,0,0,0,7,-6,0,0,7,0,6,0,0,0,0,0,0,2,0,0,0,0,0,0,0,0,0,1,2,3,4,5,4,3,0,1

